-74.876291
-74.876291
-74.876229
-74.876106
-74.875920
-74.875674
-74.875365
-74.874995
-74.874562
-74.874068
-74.873512
-74.872894
-74.872213
-74.871471
-74.870666
-74.869799
-74.868870
-74.867877
-74.866823
-74.865705
-74.864524
-74.863280
-74.861973
-74.860603
-74.859169
-74.857671
-74.856110
-74.854484
-74.852794
-74.851039
-74.849220
-74.847336
-74.845387
-74.843372
-74.841291
-74.839145
-74.836933
-74.834654
-74.832309
-74.829896
-74.827417
-74.824869
-74.822254
-74.819571
-74.816820
-74.813999
-74.811109
-74.808150
-74.805121
-74.802022
-74.798852
-74.795612
-74.792300
-74.788916
-74.785460
-74.781932
-74.778330
-74.774655
-74.770906
-74.767083
-74.763185
-74.759212
-74.755163
-74.751038
-74.746837
-74.742558
-74.738201
-74.733766
-74.729253
-74.724660
-74.719987
-74.715234
-74.710399
-74.705484
-74.700486
-74.695405
-74.690241
-74.684992
-74.679660
-74.674241
-74.668737
-74.663147
-74.657469
-74.651703
-74.645848
-74.639905
-74.633871
-74.627746
-74.621530
-74.615221
-74.608819
-74.602324
-74.595734
-74.589048
-74.582266
-74.575387
-74.568411
-74.561335
-74.554160
-74.546885
-74.539508
-74.532029
-74.524447
-74.516761
-74.508970
-74.501073
-74.493069
-74.484958
-74.476737
-74.468407
-74.459966
-74.451413
-74.442747
-74.433967
-74.425072
-74.416061
-74.406933
-74.397686
-74.388320
-74.378834
-74.369225
-74.359494
-74.349639
-74.339659
-74.329552
-74.319317
-74.308953
-74.298460
-74.287834
-74.277076
-74.266184
-74.255156
-74.243991
-74.232689
-74.221247
-74.209663
-74.197938
-74.186069
-74.174054
-74.161893
-74.149584
-74.137124
-74.124514
-74.111751
-74.098834
-74.085760
-74.072530
-74.059140
-74.045589
-74.031876
-74.017999
-74.003956
-73.989745
-73.975365
-73.960814
-73.946091
-73.931193
-73.916118
-73.900865
-73.885431
-73.869816
-73.854017
-73.838032
-73.821858
-73.805495
-73.788940
-73.772192
-73.755247
-73.738104
-73.720760
-73.703215
-73.685465
-73.667508
-73.649343
-73.630966
-73.612376
-73.593570
-73.574546
-73.555302
-73.535835
-73.516143
-73.496224
-73.476074
-73.455692
-73.435075
-73.414220
-73.393126
-73.371788
-73.350205
-73.328374
-73.306292
-73.283957
-73.261366
-73.238515
-73.215403
-73.192026
-73.168381
-73.144466
-73.120278
-73.095813
-73.071068
-73.046041
-73.020728
-72.995126
-72.969232
-72.943044
-72.916556
-72.889767
-72.862673
-72.835271
-72.807557
-72.779527
-72.751179
-72.722509
-72.693513
-72.664187
-72.634529
-72.604534
-72.574198
-72.543518
-72.512491
-72.481111
-72.449376
-72.417281
-72.384823
-72.351997
-72.318799
-72.285226
-72.251272
-72.216934
-72.182208
-72.147089
-72.111572
-72.075655
-72.039331
-72.002596
-71.965447
-71.927878
-71.889884
-71.851462
-71.812605
-71.773310
-71.733571
-71.693384
-71.652744
-71.611645
-71.570082
-71.528050
-71.485545
-71.442560
-71.399091
-71.355131
-71.310677
-71.265721
-71.220259
-71.174284
-71.127792
-71.080776
-71.033231
-70.985150
-70.936528
-70.887359
-70.837636
-70.787353
-70.736505
-70.685085
-70.633086
-70.580502
-70.527327
-70.473554
-70.419176
-70.364186
-70.308579
-70.252346
-70.195481
-70.137978
-70.079828
-70.021024
-69.961560
-69.901428
-69.840621
-69.779131
-69.716950
-69.654071
-69.590486
-69.526188
-69.461167
-69.395417
-69.328929
-69.261696
-69.193708
-69.124957
-69.055435
-68.985134
-68.914044
-68.842157
-68.769465
-68.695958
-68.621627
-68.546463
-68.470457
-68.393599
-68.315881
-68.237293
-68.157824
-68.077466
-67.996209
-67.914042
-67.830955
-67.746939
-67.661984
-67.576078
-67.489211
-67.401373
-67.312554
-67.222742
-67.131926
-67.040096
-66.947240
-66.853347
-66.758406
-66.662405
-66.565332
-66.467177
-66.367926
-66.267569
-66.166093
-66.063485
-65.959734
-65.854827
-65.748751
-65.641494
-65.533043
-65.423385
-65.312506
-65.200394
-65.087036
-64.972417
-64.856524
-64.739343
-64.620861
-64.501063
-64.379935
-64.257463
-64.133633
-64.008429
-63.881837
-63.753843
-63.624431
-63.493586
-63.361292
-63.227535
-63.092299
-62.955568
-62.817325
-62.677556
-62.536244
-62.393372
-62.248924
-62.102884
-61.955234
-61.805959
-61.655039
-61.502460
-61.348202
-61.192249
-61.034583
-60.875185
-60.714039
-60.551126
-60.386427
-60.219925
-60.051600
-59.881434
-59.709409
-59.535504
-59.359701
-59.181980
-59.002322
-58.820708
-58.637117
-58.451529
-58.263926
-58.074285
-57.882587
-57.688812
-57.492939
-57.294946
-57.094814
-56.892521
-56.688045
-56.481366
-56.272462
-56.061311
-55.847892
-55.632183
-55.414162
-55.193807
-54.971096
-54.746006
-54.518515
-54.288601
-54.056240
-53.821411
-53.584090
-53.344255
-53.101883
-52.856950
-52.609434
-52.359311
-52.106559
-51.851153
-51.593071
-51.332290
-51.068785
-50.802534
-50.533514
-50.261700
-49.987069
-49.709599
-49.429265
-49.146045
-48.859914
-48.570851
-48.278831
-47.983832
-47.685831
-47.384804
-47.080729
-46.773584
-46.463346
-46.149992
-45.833501
-45.513850
-45.191019
-44.864984
-44.535726
-44.203223
-43.867454
-43.528400
-43.186040
-42.840354
-42.491323
-42.138929
-41.783152
-41.423976
-41.061381
-40.695352
-40.325872
-39.952925
-39.576495
-39.196569
-38.813131
-38.426169
-38.035670
-37.641623
-37.244016
-36.842839
-36.438082
-36.029739
-35.617800
-35.202261
-34.783114
-34.360357
-33.933986
-33.503999
-33.070396
-32.633176
-32.192343
-31.747899
-31.299849
-30.848199
-30.392957
-29.934133
-29.471737
-29.005783
-28.536285
-28.063258
-27.586722
-27.106697
-26.623204
-26.136268
-25.645916
-25.152176
-24.655079
-24.154657
-23.650947
-23.143987
-22.633816
-22.120479
-21.604020
-21.084488
-20.561934
-20.036413
-19.507979
-18.976695
-18.442621
-17.905824
-17.366372
-16.824338
-16.279796
-15.732824
-15.183504
-14.631920
-14.078161
-13.522318
-12.964485
-12.404762
-11.843248
-11.280050
-10.715274
-10.149035
-9.581445
-9.012624
-8.442694
-7.871779
-7.300009
-6.727515
-6.154432
-5.580898
-5.007055
-4.433046
-3.859019
-3.285124
-2.711513
-2.138343
-1.565770
-0.993955
-0.423061
0.146748
0.715305
1.282441
1.847988
2.411772
2.973622
3.533364
4.090823
4.645824
5.198191
5.747748
6.294320
6.837731
7.377806
7.914371
8.447252
8.976278
9.501278
10.022084
10.538529
11.050448
11.557681
12.060068
12.557454
13.049686
13.536615
14.018097
14.493991
14.964160
15.428472
15.886800
16.339022
16.785020
17.224683
17.657904
18.084583
18.504626
18.917943
19.324451
19.724075
20.116744
20.502393
20.880967
21.252413
21.616688
21.973753
22.323577
22.666135
23.001409
23.329387
23.650063
23.963438
24.269518
24.568317
24.859854
25.144152
25.421244
25.691164
25.953954
26.209661
26.458335
26.700035
26.934819
27.162755
27.383911
27.598361
27.806183
28.007457
28.202268
28.390702
28.572851
28.748807
28.918664
29.082521
29.240477
29.392633
29.539092
29.679957
29.815333
29.945327
30.070045
30.189594
30.304082
30.413616
30.518305
30.618255
30.713574
30.804368
30.890744
30.972807
31.050662
31.124412
31.194160
31.260006
31.322052
31.380395
31.435134
31.486363
31.534177
31.578669
31.619930
31.658049
31.693113
31.725208
31.754418
31.780825
31.804510
31.825551
31.844025
31.860005
31.873566
31.884779
31.893711
31.900432
31.905006
31.907497
31.907967
31.906477
31.903085
31.897848
31.890820
31.882057
31.871609
31.859527
31.845860
31.830654
31.813956
31.795811
31.776260
31.755346
31.733109
31.709587
31.684819
31.658841
31.631687
31.603392
31.573989
31.543510
31.511984
31.479443
31.445914
31.411425
31.376003
31.339674
31.302463
31.264393
31.225488
31.185771
31.145263
31.103984
31.061956
31.019198
30.975728
30.931564
30.886725
30.841228
30.795088
30.748321
30.700943
30.652968
30.604411
30.555286
30.505605
30.455381
30.404628
30.353357
30.301579
30.249306
30.196549
30.143317
30.089622
30.035473
29.980880
29.925851
29.870395
29.814522
29.758239
29.701555
29.644477
29.587013
29.529170
29.470955
29.412375
29.353437
29.294148
29.234512
29.174538
29.114230
29.053594
28.992636
28.931361
28.869775
28.807882
28.745687
28.683196
28.620413
28.557342
28.493989
28.430356
28.366449
28.302272
28.237828
28.173122
28.108157
28.042937
27.977465
27.911746
27.845781
27.779576
27.713133
27.646455
27.579546
27.512407
27.445044
27.377458
27.309652
27.241629
27.173392
27.104943
27.036285
26.967421
26.898354
26.829085
26.759617
26.689953
26.620094
26.550044
26.479805
26.409378
26.338766
26.267971
26.196995
26.125841
26.054510
25.983004
25.911326
25.839478
25.767461
25.695277
25.622928
25.550417
25.477744
25.404913
25.331924
25.258779
25.185481
25.112031
25.038431
24.964682
24.890786
24.816746
24.742562
24.668236
24.593771
24.519167
24.444427
24.369552
24.294543
24.219402
24.144132
24.068733
23.993207
23.917556
23.841781
23.765884
23.689867
23.613730
23.537477
23.461107
23.384624
23.308028
23.231321
23.154505
23.077581
23.000550
22.923415
22.846177
22.768838
22.691399
22.613861
22.536227
22.458498
22.380676
22.302762
22.224758
22.146665
22.068486
21.990221
21.911873
21.833443
21.754933
21.676345
21.597679
21.518939
21.440126
21.361241
21.282287
21.203264
21.124175
21.045022
20.965807
20.886530
20.807195
20.727803
20.648356
20.568855
20.489304
20.409703
20.330054
20.250360
20.170623
20.090845
20.011027
19.931172
19.851282
19.771359
19.691405
19.611423
19.531414
19.451380
19.371325
19.291250
19.211158
19.131050
19.050930
18.970799
18.890660
18.810516
18.730369
18.650222
18.570076
18.489935
18.409802
18.329678
18.249567
18.169471
18.089393
18.009336
17.929303
17.849297
17.769319
17.689375
17.609465
17.529595
17.449765
17.369981
17.290244
17.210558
17.130926
17.051352
16.971839
16.892390
16.813008
16.733698
16.654462
16.575305
16.496229
16.417239
16.338338
16.259530
16.180819
16.102208
16.023702
15.945305
15.867020
15.788852
15.710805
15.632883
15.555090
15.477430
15.399909
15.322530
15.245298
15.168217
15.091292
15.014528
14.937930
14.861501
14.785248
14.709174
14.633286
14.557587
14.482084
14.406781
14.331683
14.256796
14.182126
14.107677
14.033455
13.959466
13.885715
13.812208
13.738951
13.665950
13.593211
13.520739
13.448541
13.376623
13.304990
13.233651
13.162610
13.091874
13.021450
12.951344
12.881564
12.812115
12.743004
12.674239
12.605827
12.537774
12.470088
12.402775
12.335844
12.269302
12.203155
12.137412
12.072080
12.007168
11.942682
11.878630
11.815021
11.751863
11.689164
11.626931
11.565174
11.503900
11.443119
11.382838
11.323066
11.263813
11.205086
11.146896
11.089250
11.032158
10.975629
10.919673
10.864298
10.809514
10.755332
10.701759
10.648807
10.596485
10.544802
10.493770
10.443397
10.393695
10.344673
10.296342
10.248712
10.201795
10.155600
10.110139
10.065423
10.021462
9.978267
9.935850
9.894223
9.853396
9.813381
9.774190
9.735834
9.698326
9.661678
9.625900
9.591007
9.557010
9.523921
9.491753
9.460519
9.430232
9.400905
9.372550
9.345181
9.318812
9.293455
9.269125
9.245835
9.223600
9.202433
9.182348
9.163361
9.145485
9.128736
9.113128
9.098677
9.085397
9.073304
9.062415
9.052744
9.044308
9.037123
9.031205
9.026573
9.023241
9.021228
9.020551
9.021228
9.023241
9.026573
9.031205
9.037123
9.044308
9.052744
9.062415
9.073304
9.085397
9.098677
9.113128
9.128736
9.145485
9.163361
9.182348
9.202433
9.223600
9.245835
9.269125
9.293455
9.318812
9.345181
9.372550
9.400905
9.430232
9.460519
9.491753
9.523921
9.557010
9.591007
9.625900
9.661678
9.698326
9.735834
9.774190
9.813381
9.853396
9.894223
9.935850
9.978267
10.021462
10.065423
10.110139
10.155600
10.201795
10.248712
10.296342
10.344673
10.393695
10.443397
10.493770
10.544802
10.596485
10.648807
10.701759
10.755332
10.809514
10.864298
10.919673
10.975629
11.032158
11.089250
11.146896
11.205086
11.263813
11.323066
11.382838
11.443119
11.503900
11.565174
11.626931
11.689164
11.751863
11.815021
11.878630
11.942682
12.007168
12.072080
12.137412
12.203155
12.269302
12.335844
12.402775
12.470088
12.537774
12.605827
12.674239
12.743004
12.812115
12.881564
12.951344
13.021450
13.091874
13.162610
13.233651
13.304990
13.376623
13.448541
13.520739
13.593211
13.665950
13.738951
13.812208
13.885715
13.959466
14.033455
14.107677
14.182126
14.256796
14.331683
14.406781
14.482084
14.557587
14.633286
14.709174
14.785248
14.861501
14.937930
15.014528
15.091292
15.168217
15.245298
15.322530
15.399909
15.477430
15.555090
15.632883
15.710805
15.788852
15.867020
15.945305
16.023702
16.102208
16.180819
16.259530
16.338338
16.417239
16.496229
16.575305
16.654462
16.733698
16.813008
16.892390
16.971839
17.051352
17.130926
17.210558
17.290244
17.369981
17.449765
17.529595
17.609465
17.689375
17.769319
17.849297
17.929303
18.009336
18.089393
18.169471
18.249567
18.329678
18.409802
18.489935
18.570076
18.650222
18.730369
18.810516
18.890660
18.970799
19.050930
19.131050
19.211158
19.291250
19.371325
19.451380
19.531414
19.611423
19.691405
19.771359
19.851282
19.931172
20.011027
20.090845
20.170623
20.250360
20.330054
20.409703
20.489304
20.568855
20.648356
20.727803
20.807195
20.886530
20.965807
21.045022
21.124175
21.203264
21.282287
21.361241
21.440126
21.518939
21.597679
21.676345
21.754933
21.833443
21.911873
21.990221
22.068486
22.146665
22.224758
22.302762
22.380676
22.458498
22.536227
22.613861
22.691399
22.768838
22.846177
22.923415
23.000550
23.077581
23.154505
23.231321
23.308028
23.384624
23.461107
23.537477
23.613730
23.689867
23.765884
23.841781
23.917556
23.993207
24.068733
24.144132
24.219402
24.294543
24.369552
24.444427
24.519167
24.593771
24.668236
24.742562
24.816746
24.890786
24.964682
25.038431
25.112031
25.185481
25.258779
25.331924
25.404913
25.477744
25.550417
25.622928
25.695277
25.767461
25.839478
25.911326
25.983004
26.054510
26.125841
26.196995
26.267971
26.338766
26.409378
26.479805
26.550044
26.620094
26.689953
26.759617
26.829085
26.898354
26.967421
27.036285
27.104943
27.173392
27.241629
27.309652
27.377458
27.445044
27.512407
27.579546
27.646455
27.713133
27.779576
27.845781
27.911746
27.977465
28.042937
28.108157
28.173122
28.237828
28.302272
28.366449
28.430356
28.493989
28.557342
28.620413
28.683196
28.745687
28.807882
28.869775
28.931361
28.992636
29.053594
29.114230
29.174538
29.234512
29.294148
29.353437
29.412375
29.470955
29.529170
29.587013
29.644477
29.701555
29.758239
29.814522
29.870395
29.925851
29.980880
30.035473
30.089622
30.143317
30.196549
30.249306
30.301579
30.353357
30.404628
30.455381
30.505605
30.555286
30.604411
30.652968
30.700943
30.748321
30.795088
30.841228
30.886725
30.931564
30.975728
31.019198
31.061956
31.103984
31.145263
31.185771
31.225488
31.264393
31.302463
31.339674
31.376003
31.411425
31.445914
31.479443
31.511984
31.543510
31.573989
31.603392
31.631687
31.658841
31.684819
31.709587
31.733109
31.755346
31.776260
31.795811
31.813956
31.830654
31.845860
31.859527
31.871609
31.882057
31.890820
31.897848
31.903085
31.906477
31.907967
31.907497
31.905006
31.900432
31.893711
31.884779
31.873566
31.860005
31.844025
31.825551
31.804510
31.780825
31.754418
31.725208
31.693113
31.658049
31.619930
31.578669
31.534177
31.486363
31.435134
31.380395
31.322052
31.260006
31.194160
31.124412
31.050662
30.972807
30.890744
30.804368
30.713574
30.618255
30.518305
30.413616
30.304082
30.189594
30.070045
29.945327
29.815333
29.679957
29.539092
29.392633
29.240477
29.082521
28.918664
28.748807
28.572851
28.390702
28.202268
28.007457
27.806183
27.598361
27.383911
27.162755
26.934819
26.700035
26.458336
26.209661
25.953954
25.691164
25.421244
25.144152
24.859854
24.568317
24.269518
23.963438
23.650063
23.329387
23.001409
22.666135
22.323577
21.973753
21.616688
21.252413
20.880967
20.502393
20.116744
19.724075
19.324451
18.917943
18.504626
18.084583
17.657904
17.224683
16.785020
16.339022
15.886800
15.428472
14.964160
14.493991
14.018097
13.536615
13.049686
12.557454
12.060068
11.557681
11.050448
10.538529
10.022084
9.501278
8.976278
8.447252
7.914371
7.377806
6.837731
6.294320
5.747748
5.198191
4.645824
4.090823
3.533364
2.973622
2.411772
1.847988
1.282441
0.715305
0.146748
-0.423061
-0.993955
-1.565770
-2.138343
-2.711513
-3.285124
-3.859019
-4.433046
-5.007055
-5.580898
-6.154432
-6.727515
-7.300009
-7.871779
-8.442694
-9.012624
-9.581445
-10.149035
-10.715274
-11.280049
-11.843248
-12.404762
-12.964485
-13.522318
-14.078161
-14.631920
-15.183504
-15.732824
-16.279796
-16.824338
-17.366372
-17.905824
-18.442621
-18.976695
-19.507979
-20.036413
-20.561934
-21.084488
-21.604020
-22.120479
-22.633816
-23.143987
-23.650947
-24.154657
-24.655079
-25.152176
-25.645916
-26.136268
-26.623204
-27.106697
-27.586722
-28.063258
-28.536285
-29.005783
-29.471737
-29.934133
-30.392957
-30.848199
-31.299849
-31.747899
-32.192343
-32.633176
-33.070396
-33.503999
-33.933986
-34.360357
-34.783114
-35.202261
-35.617800
-36.029739
-36.438082
-36.842839
-37.244016
-37.641623
-38.035670
-38.426169
-38.813131
-39.196569
-39.576495
-39.952925
-40.325872
-40.695352
-41.061381
-41.423976
-41.783152
-42.138929
-42.491323
-42.840354
-43.186040
-43.528400
-43.867454
-44.203223
-44.535726
-44.864984
-45.191019
-45.513850
-45.833501
-46.149992
-46.463346
-46.773584
-47.080729
-47.384804
-47.685831
-47.983832
-48.278831
-48.570851
-48.859914
-49.146045
-49.429265
-49.709599
-49.987069
-50.261700
-50.533514
-50.802534
-51.068785
-51.332290
-51.593071
-51.851153
-52.106559
-52.359311
-52.609434
-52.856950
-53.101883
-53.344255
-53.584090
-53.821411
-54.056240
-54.288601
-54.518515
-54.746006
-54.971096
-55.193807
-55.414162
-55.632183
-55.847892
-56.061311
-56.272462
-56.481366
-56.688045
-56.892521
-57.094814
-57.294946
-57.492939
-57.688812
-57.882587
-58.074285
-58.263925
-58.451529
-58.637117
-58.820708
-59.002322
-59.181980
-59.359701
-59.535504
-59.709409
-59.881434
-60.051600
-60.219925
-60.386427
-60.551126
-60.714039
-60.875185
-61.034583
-61.192249
-61.348202
-61.502460
-61.655039
-61.805959
-61.955234
-62.102884
-62.248924
-62.393372
-62.536244
-62.677556
-62.817325
-62.955568
-63.092299
-63.227535
-63.361292
-63.493586
-63.624431
-63.753843
-63.881837
-64.008429
-64.133633
-64.257463
-64.379935
-64.501063
-64.620861
-64.739343
-64.856524
-64.972417
-65.087036
-65.200394
-65.312506
-65.423385
-65.533043
-65.641494
-65.748751
-65.854827
-65.959734
-66.063485
-66.166093
-66.267569
-66.367926
-66.467177
-66.565332
-66.662405
-66.758406
-66.853347
-66.947240
-67.040096
-67.131926
-67.222742
-67.312554
-67.401373
-67.489211
-67.576078
-67.661984
-67.746939
-67.830955
-67.914042
-67.996209
-68.077466
-68.157824
-68.237293
-68.315881
-68.393599
-68.470457
-68.546463
-68.621627
-68.695958
-68.769465
-68.842157
-68.914044
-68.985134
-69.055435
-69.124957
-69.193708
-69.261696
-69.328929
-69.395417
-69.461167
-69.526188
-69.590486
-69.654071
-69.716950
-69.779131
-69.840621
-69.901428
-69.961560
-70.021024
-70.079828
-70.137978
-70.195481
-70.252346
-70.308579
-70.364186
-70.419176
-70.473554
-70.527327
-70.580502
-70.633086
-70.685085
-70.736505
-70.787353
-70.837636
-70.887359
-70.936528
-70.985150
-71.033231
-71.080776
-71.127792
-71.174284
-71.220259
-71.265721
-71.310677
-71.355131
-71.399091
-71.442560
-71.485545
-71.528050
-71.570082
-71.611645
-71.652744
-71.693384
-71.733571
-71.773310
-71.812605
-71.851462
-71.889884
-71.927878
-71.965447
-72.002596
-72.039331
-72.075655
-72.111572
-72.147089
-72.182208
-72.216934
-72.251272
-72.285226
-72.318799
-72.351997
-72.384823
-72.417281
-72.449376
-72.481111
-72.512491
-72.543518
-72.574198
-72.604534
-72.634529
-72.664187
-72.693513
-72.722509
-72.751179
-72.779527
-72.807557
-72.835271
-72.862673
-72.889767
-72.916556
-72.943044
-72.969232
-72.995126
-73.020728
-73.046041
-73.071068
-73.095813
-73.120278
-73.144466
-73.168381
-73.192026
-73.215403
-73.238515
-73.261366
-73.283957
-73.306292
-73.328374
-73.350205
-73.371788
-73.393126
-73.414220
-73.435075
-73.455692
-73.476074
-73.496224
-73.516143
-73.535835
-73.555302
-73.574546
-73.593570
-73.612376
-73.630966
-73.649343
-73.667508
-73.685465
-73.703215
-73.720760
-73.738104
-73.755247
-73.772192
-73.788940
-73.805495
-73.821858
-73.838032
-73.854017
-73.869816
-73.885431
-73.900865
-73.916118
-73.931193
-73.946091
-73.960814
-73.975365
-73.989745
-74.003956
-74.017999
-74.031876
-74.045589
-74.059140
-74.072530
-74.085760
-74.098834
-74.111751
-74.124514
-74.137124
-74.149583
-74.161893
-74.174054
-74.186069
-74.197938
-74.209663
-74.221247
-74.232689
-74.243991
-74.255156
-74.266184
-74.277076
-74.287834
-74.298460
-74.308953
-74.319317
-74.329552
-74.339659
-74.349639
-74.359494
-74.369225
-74.378834
-74.388320
-74.397686
-74.406933
-74.416061
-74.425072
-74.433967
-74.442747
-74.451413
-74.459966
-74.468407
-74.476737
-74.484958
-74.493069
-74.501073
-74.508970
-74.516761
-74.524447
-74.532029
-74.539508
-74.546885
-74.554160
-74.561335
-74.568411
-74.575387
-74.582266
-74.589048
-74.595734
-74.602324
-74.608819
-74.615221
-74.621529
-74.627746
-74.633871
-74.639905
-74.645848
-74.651703
-74.657469
-74.663147
-74.668737
-74.674241
-74.679660
-74.684992
-74.690241
-74.695405
-74.700486
-74.705484
-74.710399
-74.715234
-74.719987
-74.724660
-74.729253
-74.733766
-74.738201
-74.742558
-74.746837
-74.751038
-74.755163
-74.759212
-74.763185
-74.767083
-74.770906
-74.774655
-74.778330
-74.781931
-74.785460
-74.788916
-74.792300
-74.795612
-74.798852
-74.802022
-74.805121
-74.808150
-74.811109
-74.813999
-74.816820
-74.819571
-74.822254
-74.824869
-74.827417
-74.829896
-74.832309
-74.834654
-74.836933
-74.839145
-74.841291
-74.843372
-74.845387
-74.847336
-74.849220
-74.851039
-74.852794
-74.854484
-74.856110
-74.857671
-74.859169
-74.860603
-74.861973
-74.863280
-74.864524
-74.865705
-74.866823
-74.867877
-74.868870
-74.869799
-74.870666
-74.871471
-74.872213
-74.872894
-74.873512
-74.874068
-74.874562
-74.874995
-74.875365
-74.875674
-74.875920
-74.876106
-74.876229
-74.876291
-74.876291
