-74.663182
-74.663182
-74.663067
-74.662836
-74.662490
-74.662028
-74.661450
-74.660757
-74.659948
-74.659023
-74.657982
-74.656824
-74.655550
-74.654160
-74.652652
-74.651028
-74.649286
-74.647426
-74.645449
-74.643353
-74.641138
-74.638804
-74.636352
-74.633779
-74.631086
-74.628272
-74.625338
-74.622282
-74.619103
-74.615803
-74.612379
-74.608831
-74.605159
-74.601363
-74.597441
-74.593393
-74.589218
-74.584916
-74.580485
-74.575926
-74.571237
-74.566418
-74.561468
-74.556386
-74.551172
-74.545823
-74.540341
-74.534722
-74.528968
-74.523077
-74.517047
-74.510879
-74.504570
-74.498120
-74.491528
-74.484793
-74.477913
-74.470888
-74.463717
-74.456398
-74.448930
-74.441311
-74.433542
-74.425619
-74.417543
-74.409312
-74.400924
-74.392378
-74.383672
-74.374807
-74.365779
-74.356587
-74.347230
-74.337707
-74.328015
-74.318154
-74.308121
-74.297915
-74.287535
-74.276978
-74.266244
-74.255329
-74.244234
-74.232954
-74.221490
-74.209838
-74.197998
-74.185967
-74.173743
-74.161324
-74.148708
-74.135893
-74.122878
-74.109659
-74.096236
-74.082604
-74.068764
-74.054711
-74.040444
-74.025961
-74.011259
-73.996336
-73.981189
-73.965816
-73.950215
-73.934382
-73.918316
-73.902013
-73.885472
-73.868689
-73.851661
-73.834386
-73.816861
-73.799084
-73.781051
-73.762759
-73.744205
-73.725387
-73.706301
-73.686945
-73.667314
-73.647407
-73.627219
-73.606747
-73.585988
-73.564939
-73.543596
-73.521956
-73.500015
-73.477770
-73.455216
-73.432351
-73.409171
-73.385671
-73.361849
-73.337700
-73.313219
-73.288405
-73.263251
-73.237754
-73.211911
-73.185716
-73.159165
-73.132255
-73.104981
-73.077338
-73.049321
-73.020927
-72.992151
-72.962988
-72.933433
-72.903481
-72.873128
-72.842369
-72.811198
-72.779611
-72.747602
-72.715166
-72.682299
-72.648994
-72.615246
-72.581050
-72.546400
-72.511290
-72.475716
-72.439670
-72.403147
-72.366142
-72.328648
-72.290659
-72.252169
-72.213172
-72.173661
-72.133630
-72.093073
-72.051982
-72.010352
-71.968175
-71.925445
-71.882154
-71.838296
-71.793864
-71.748850
-71.703247
-71.657048
-71.610245
-71.562831
-71.514798
-71.466138
-71.416843
-71.366905
-71.316317
-71.265070
-71.213156
-71.160566
-71.107292
-71.053325
-70.998657
-70.943278
-70.887181
-70.830355
-70.772792
-70.714482
-70.655416
-70.595585
-70.534978
-70.473587
-70.411400
-70.348409
-70.284603
-70.219972
-70.154505
-70.088192
-70.021022
-69.952985
-69.884069
-69.814264
-69.743559
-69.671941
-69.599400
-69.525924
-69.451502
-69.376120
-69.299768
-69.222434
-69.144104
-69.064767
-68.984409
-68.903018
-68.820582
-68.737086
-68.652518
-68.566864
-68.480111
-68.392245
-68.303252
-68.213118
-68.121829
-68.029371
-67.935728
-67.840886
-67.744830
-67.647545
-67.549016
-67.449227
-67.348163
-67.245807
-67.142145
-67.037159
-66.930833
-66.823151
-66.714095
-66.603650
-66.491797
-66.378520
-66.263801
-66.147621
-66.029964
-65.910811
-65.790143
-65.667943
-65.544191
-65.418869
-65.291956
-65.163434
-65.033284
-64.901485
-64.768017
-64.632861
-64.495995
-64.357399
-64.217052
-64.074932
-63.931020
-63.785292
-63.637728
-63.488305
-63.337001
-63.183794
-63.028660
-62.871577
-62.712522
-62.551471
-62.388401
-62.223289
-62.056109
-61.886838
-61.715451
-61.541923
-61.366230
-61.188346
-61.008247
-60.825905
-60.641296
-60.454394
-60.265171
-60.073603
-59.879661
-59.683319
-59.484550
-59.283327
-59.079621
-58.873406
-58.664653
-58.453335
-58.239422
-58.022887
-57.803700
-57.581833
-57.357257
-57.129942
-56.899859
-56.666980
-56.431273
-56.192709
-55.951259
-55.706892
-55.459578
-55.209286
-54.955988
-54.699651
-54.440246
-54.177741
-53.912108
-53.643313
-53.371328
-53.096121
-52.817662
-52.535920
-52.250864
-51.962465
-51.670690
-51.375511
-51.076896
-50.774817
-50.469242
-50.160142
-49.847487
-49.531249
-49.211397
-48.887904
-48.560741
-48.229879
-47.895292
-47.556951
-47.214830
-46.868902
-46.519142
-46.165524
-45.808024
-45.446617
-45.081280
-44.711990
-44.338726
-43.961465
-43.580189
-43.194878
-42.805513
-42.412076
-42.014553
-41.612927
-41.207184
-40.797313
-40.383301
-39.965138
-39.542816
-39.116328
-38.685668
-38.250832
-37.811819
-37.368628
-36.921260
-36.469719
-36.014010
-35.554140
-35.090121
-34.621962
-34.149679
-33.673288
-33.192809
-32.708262
-32.219673
-31.727068
-31.230477
-30.729933
-30.225471
-29.717130
-29.204953
-28.688983
-28.169269
-27.645863
-27.118819
-26.588197
-26.054057
-25.516465
-24.975490
-24.431205
-23.883687
-23.333015
-22.779274
-22.222551
-21.662938
-21.100531
-20.535428
-19.967733
-19.397553
-18.825000
-18.250186
-17.673232
-17.094260
-16.513394
-15.930766
-15.346508
-14.760757
-14.173653
-13.585339
-12.995962
-12.405673
-11.814623
-11.222968
-10.630867
-10.038481
-9.445972
-8.853506
-8.261251
-7.669376
-7.078053
-6.487452
-5.897750
-5.309119
-4.721736
-4.135777
-3.551417
-2.968835
-2.388206
-1.809706
-1.233511
-0.659795
-0.088731
0.479507
1.044751
1.606831
2.165580
2.720835
3.272433
3.820217
4.364030
4.903720
5.439137
5.970135
6.496574
7.018316
7.535226
8.047176
8.554041
9.055701
9.552040
10.042948
10.528320
11.008056
11.482060
11.950241
12.412517
12.868806
13.319036
13.763137
14.201046
14.632707
15.058065
15.477075
15.889694
16.295887
16.695621
17.088872
17.475618
17.855843
18.229536
18.596691
18.957306
19.311386
19.658936
19.999970
20.334504
20.662557
20.984155
21.299324
21.608098
21.910511
22.206603
22.496414
22.779990
23.057379
23.328633
23.593803
23.852946
24.106121
24.353388
24.594809
24.830448
25.060372
25.284649
25.503347
25.716538
25.924294
26.126686
26.323790
26.515680
26.702431
26.884120
27.060824
27.232619
27.399584
27.561795
27.719331
27.872270
28.020689
28.164666
28.304279
28.439605
28.570721
28.697704
28.820630
28.939574
29.054611
29.165816
29.273263
29.377025
29.477174
29.573782
29.666919
29.756655
29.843060
29.926202
30.006147
30.082963
30.156714
30.227464
30.295278
30.360218
30.422344
30.481718
30.538398
30.592443
30.643910
30.692856
30.739335
30.783402
30.825110
30.864510
30.901655
30.936594
30.969376
31.000050
31.028662
31.055258
31.079884
31.102584
31.123401
31.142377
31.159554
31.174972
31.188670
31.200688
31.211063
31.219832
31.227031
31.232695
31.236859
31.239556
31.240819
31.240680
31.239171
31.236321
31.232162
31.226721
31.220027
31.212108
31.202991
31.192703
31.181268
31.168712
31.155059
31.140334
31.124559
31.107757
31.089951
31.071161
31.051409
31.030716
31.009100
30.986583
30.963182
30.938916
30.913803
30.887861
30.861106
30.833557
30.805227
30.776135
30.746295
30.715721
30.684430
30.652434
30.619749
30.586387
30.552362
30.517686
30.482373
30.446434
30.409882
30.372728
30.334983
30.296659
30.257766
30.218315
30.178316
30.137779
30.096713
30.055129
30.013035
29.970441
29.927355
29.883786
29.839742
29.795232
29.750263
29.704843
29.658979
29.612680
29.565952
29.518802
29.471238
29.423265
29.374891
29.326121
29.276962
29.227420
29.177502
29.127212
29.076556
29.025540
28.974169
28.922449
28.870385
28.817981
28.765243
28.712175
28.658782
28.605069
28.551039
28.496698
28.442050
28.387099
28.331848
28.276302
28.220465
28.164341
28.107933
28.051245
27.994280
27.937043
27.879535
27.821762
27.763725
27.705429
27.646876
27.588069
27.529012
27.469707
27.410157
27.350366
27.290335
27.230068
27.169566
27.108834
27.047873
26.986685
26.925274
26.863642
26.801790
26.739722
26.677440
26.614945
26.552240
26.489328
26.426210
26.362888
26.299364
26.235641
26.171720
26.107603
26.043292
25.978789
25.914096
25.849215
25.784147
25.718894
25.653458
25.587840
25.522043
25.456067
25.389914
25.323587
25.257086
25.190413
25.123569
25.056557
24.989376
24.922030
24.854519
24.786845
24.719009
24.651012
24.582856
24.514543
24.446072
24.377446
24.308667
24.239734
24.170650
24.101416
24.032033
23.962501
23.892823
23.823000
23.753032
23.682921
23.612668
23.542274
23.471740
23.401067
23.330256
23.259309
23.188226
23.117009
23.045659
22.974176
22.902561
22.830817
22.758943
22.686940
22.614811
22.542555
22.470173
22.397667
22.325038
22.252287
22.179414
22.106420
22.033307
21.960075
21.886726
21.813259
21.739677
21.665980
21.592169
21.518245
21.444209
21.370062
21.295804
21.221437
21.146962
21.072379
20.997689
20.922893
20.847993
20.772989
20.697881
20.622672
20.547361
20.471950
20.396439
20.320830
20.245123
20.169320
20.093421
20.017427
19.941338
19.865157
19.788884
19.712519
19.636064
19.559520
19.482888
19.406167
19.329361
19.252468
19.175491
19.098431
19.021287
18.944062
18.866756
18.789370
18.711906
18.634363
18.556744
18.479049
18.401279
18.323436
18.245520
18.167532
18.089473
18.011345
17.933148
17.854884
17.776554
17.698158
17.619698
17.541176
17.462591
17.383946
17.305242
17.226479
17.147659
17.068783
16.989852
16.910868
16.831831
16.752744
16.673607
16.594422
16.515189
16.435911
16.356588
16.277223
16.197815
16.118368
16.038882
15.959358
15.879798
15.800204
15.720577
15.640919
15.561231
15.481514
15.401771
15.322002
15.242210
15.162397
15.082563
15.002710
14.922841
14.842958
14.763060
14.683152
14.603234
14.523309
14.443377
14.363442
14.283505
14.203568
14.123634
14.043703
13.963779
13.883863
13.803957
13.724065
13.644187
13.564326
13.484484
13.404665
13.324869
13.245100
13.165359
13.085650
13.005975
12.926336
12.846736
12.767177
12.687662
12.608195
12.528777
12.449411
12.370100
12.290848
12.211656
12.132528
12.053467
11.974476
11.895558
11.816716
11.737953
11.659273
11.580678
11.502173
11.423760
11.345443
11.267225
11.189111
11.111102
11.033204
10.955420
10.877753
10.800207
10.722787
10.645495
10.568337
10.491315
10.414435
10.337699
10.261114
10.184681
10.108407
10.032295
9.956350
9.880576
9.804977
9.729560
9.654327
9.579284
9.504435
9.429786
9.355341
9.281106
9.207085
9.133284
9.059708
8.986362
8.913251
8.840381
8.767757
8.695385
8.623271
8.551420
8.479837
8.408530
8.337503
8.266763
8.196316
8.126167
8.056324
7.986792
7.917578
7.848688
7.780129
7.711908
7.644030
7.576503
7.509334
7.442529
7.376096
7.310042
7.244373
7.179097
7.114222
7.049755
6.985703
6.922074
6.858875
6.796115
6.733801
6.671941
6.610543
6.549616
6.489166
6.429204
6.369737
6.310773
6.252321
6.194390
6.136988
6.080125
6.023809
5.968049
5.912854
5.858234
5.804198
5.750755
5.697914
5.645686
5.594079
5.543104
5.492771
5.443089
5.394068
5.345720
5.298053
5.251078
5.204806
5.159248
5.114413
5.070313
5.026959
4.984361
4.942531
4.901480
4.861219
4.821759
4.783113
4.745291
4.708305
4.672168
4.636891
4.602486
4.568965
4.536342
4.504627
4.473834
4.443976
4.415064
4.387113
4.360135
4.334143
4.309151
4.285171
4.262219
4.240307
4.219448
4.199658
4.180951
4.163340
4.146840
4.131465
4.117231
4.104153
4.092245
4.081522
4.072001
4.063696
4.056624
4.050800
4.046241
4.042963
4.040983
4.040317
4.040983
4.042963
4.046241
4.050800
4.056624
4.063696
4.072001
4.081522
4.092245
4.104153
4.117231
4.131465
4.146840
4.163340
4.180951
4.199658
4.219448
4.240307
4.262219
4.285171
4.309151
4.334143
4.360135
4.387113
4.415064
4.443976
4.473834
4.504627
4.536342
4.568965
4.602486
4.636891
4.672168
4.708305
4.745291
4.783113
4.821759
4.861219
4.901480
4.942531
4.984361
5.026959
5.070313
5.114413
5.159248
5.204806
5.251078
5.298053
5.345720
5.394068
5.443089
5.492771
5.543104
5.594079
5.645686
5.697914
5.750755
5.804198
5.858234
5.912854
5.968049
6.023809
6.080125
6.136988
6.194390
6.252321
6.310773
6.369737
6.429204
6.489166
6.549616
6.610543
6.671941
6.733801
6.796115
6.858875
6.922074
6.985703
7.049755
7.114222
7.179097
7.244373
7.310042
7.376096
7.442529
7.509334
7.576503
7.644030
7.711908
7.780129
7.848688
7.917578
7.986792
8.056324
8.126167
8.196316
8.266763
8.337503
8.408530
8.479837
8.551420
8.623271
8.695385
8.767757
8.840381
8.913251
8.986362
9.059708
9.133284
9.207085
9.281106
9.355341
9.429786
9.504435
9.579284
9.654327
9.729560
9.804977
9.880576
9.956350
10.032295
10.108407
10.184681
10.261114
10.337699
10.414435
10.491315
10.568337
10.645495
10.722787
10.800207
10.877753
10.955420
11.033204
11.111102
11.189111
11.267225
11.345443
11.423760
11.502173
11.580678
11.659273
11.737953
11.816716
11.895558
11.974476
12.053467
12.132528
12.211656
12.290848
12.370100
12.449411
12.528777
12.608195
12.687662
12.767177
12.846736
12.926336
13.005975
13.085650
13.165359
13.245100
13.324869
13.404665
13.484484
13.564326
13.644187
13.724065
13.803957
13.883863
13.963779
14.043703
14.123634
14.203568
14.283505
14.363442
14.443377
14.523309
14.603234
14.683152
14.763060
14.842958
14.922841
15.002710
15.082563
15.162397
15.242210
15.322002
15.401771
15.481514
15.561231
15.640919
15.720577
15.800204
15.879798
15.959358
16.038882
16.118368
16.197815
16.277223
16.356588
16.435911
16.515189
16.594422
16.673607
16.752744
16.831831
16.910868
16.989852
17.068783
17.147659
17.226479
17.305242
17.383946
17.462591
17.541176
17.619698
17.698158
17.776554
17.854884
17.933148
18.011345
18.089473
18.167532
18.245520
18.323436
18.401279
18.479049
18.556744
18.634363
18.711906
18.789370
18.866756
18.944062
19.021287
19.098431
19.175491
19.252468
19.329361
19.406167
19.482888
19.559520
19.636064
19.712519
19.788884
19.865157
19.941338
20.017427
20.093421
20.169320
20.245123
20.320830
20.396439
20.471950
20.547361
20.622672
20.697881
20.772989
20.847993
20.922893
20.997689
21.072379
21.146962
21.221437
21.295804
21.370062
21.444209
21.518245
21.592169
21.665980
21.739677
21.813259
21.886726
21.960075
22.033307
22.106420
22.179414
22.252287
22.325038
22.397667
22.470173
22.542555
22.614811
22.686940
22.758943
22.830817
22.902561
22.974176
23.045659
23.117009
23.188226
23.259309
23.330256
23.401067
23.471740
23.542274
23.612668
23.682921
23.753032
23.823000
23.892823
23.962501
24.032033
24.101416
24.170650
24.239734
24.308667
24.377446
24.446072
24.514543
24.582856
24.651012
24.719009
24.786845
24.854519
24.922030
24.989376
25.056557
25.123569
25.190413
25.257086
25.323587
25.389914
25.456067
25.522043
25.587840
25.653458
25.718894
25.784147
25.849215
25.914096
25.978789
26.043292
26.107603
26.171720
26.235641
26.299364
26.362888
26.426210
26.489328
26.552240
26.614945
26.677440
26.739722
26.801790
26.863642
26.925274
26.986685
27.047873
27.108834
27.169566
27.230068
27.290335
27.350366
27.410157
27.469707
27.529012
27.588069
27.646876
27.705429
27.763725
27.821762
27.879535
27.937043
27.994280
28.051245
28.107933
28.164341
28.220465
28.276302
28.331848
28.387099
28.442050
28.496698
28.551039
28.605069
28.658782
28.712175
28.765243
28.817981
28.870385
28.922449
28.974169
29.025540
29.076556
29.127212
29.177502
29.227420
29.276962
29.326121
29.374891
29.423265
29.471238
29.518802
29.565952
29.612680
29.658979
29.704843
29.750263
29.795232
29.839742
29.883786
29.927355
29.970441
30.013035
30.055129
30.096713
30.137779
30.178316
30.218315
30.257766
30.296659
30.334983
30.372728
30.409882
30.446434
30.482373
30.517686
30.552362
30.586387
30.619749
30.652434
30.684430
30.715721
30.746295
30.776135
30.805227
30.833557
30.861106
30.887861
30.913803
30.938916
30.963182
30.986583
31.009100
31.030716
31.051409
31.071161
31.089951
31.107757
31.124559
31.140334
31.155059
31.168712
31.181268
31.192703
31.202991
31.212108
31.220027
31.226721
31.232162
31.236321
31.239171
31.240680
31.240819
31.239556
31.236859
31.232695
31.227031
31.219832
31.211063
31.200688
31.188670
31.174972
31.159554
31.142377
31.123401
31.102584
31.079884
31.055258
31.028662
31.000050
30.969376
30.936594
30.901655
30.864510
30.825110
30.783402
30.739335
30.692856
30.643910
30.592443
30.538398
30.481718
30.422344
30.360218
30.295278
30.227464
30.156714
30.082963
30.006147
29.926202
29.843060
29.756655
29.666919
29.573782
29.477174
29.377025
29.273263
29.165816
29.054611
28.939574
28.820630
28.697704
28.570721
28.439605
28.304279
28.164666
28.020689
27.872270
27.719331
27.561795
27.399584
27.232619
27.060824
26.884120
26.702431
26.515680
26.323790
26.126686
25.924294
25.716538
25.503347
25.284649
25.060372
24.830448
24.594809
24.353388
24.106121
23.852946
23.593803
23.328633
23.057379
22.779990
22.496414
22.206603
21.910511
21.608098
21.299324
20.984155
20.662557
20.334504
19.999970
19.658936
19.311386
18.957306
18.596691
18.229536
17.855843
17.475618
17.088872
16.695621
16.295887
15.889694
15.477075
15.058065
14.632707
14.201046
13.763137
13.319036
12.868806
12.412517
11.950241
11.482060
11.008056
10.528320
10.042948
9.552040
9.055701
8.554041
8.047176
7.535226
7.018316
6.496574
5.970135
5.439137
4.903720
4.364030
3.820217
3.272433
2.720835
2.165580
1.606831
1.044751
0.479507
-0.088731
-0.659795
-1.233511
-1.809706
-2.388206
-2.968835
-3.551417
-4.135777
-4.721736
-5.309119
-5.897750
-6.487452
-7.078053
-7.669376
-8.261251
-8.853506
-9.445972
-10.038481
-10.630867
-11.222968
-11.814623
-12.405673
-12.995962
-13.585339
-14.173653
-14.760757
-15.346508
-15.930766
-16.513394
-17.094260
-17.673232
-18.250186
-18.825000
-19.397553
-19.967733
-20.535428
-21.100531
-21.662938
-22.222551
-22.779274
-23.333015
-23.883687
-24.431205
-24.975490
-25.516465
-26.054057
-26.588197
-27.118819
-27.645863
-28.169269
-28.688983
-29.204953
-29.717130
-30.225471
-30.729933
-31.230477
-31.727068
-32.219673
-32.708262
-33.192809
-33.673288
-34.149679
-34.621962
-35.090121
-35.554140
-36.014010
-36.469719
-36.921260
-37.368628
-37.811819
-38.250832
-38.685668
-39.116328
-39.542816
-39.965138
-40.383301
-40.797313
-41.207184
-41.612927
-42.014553
-42.412076
-42.805513
-43.194878
-43.580189
-43.961465
-44.338726
-44.711990
-45.081280
-45.446617
-45.808024
-46.165524
-46.519142
-46.868902
-47.214830
-47.556951
-47.895292
-48.229879
-48.560741
-48.887904
-49.211397
-49.531249
-49.847487
-50.160142
-50.469242
-50.774817
-51.076896
-51.375511
-51.670690
-51.962465
-52.250864
-52.535920
-52.817662
-53.096121
-53.371328
-53.643313
-53.912108
-54.177741
-54.440246
-54.699651
-54.955988
-55.209286
-55.459578
-55.706892
-55.951259
-56.192709
-56.431273
-56.666980
-56.899859
-57.129942
-57.357257
-57.581833
-57.803700
-58.022887
-58.239422
-58.453335
-58.664653
-58.873406
-59.079621
-59.283327
-59.484550
-59.683319
-59.879661
-60.073603
-60.265171
-60.454394
-60.641296
-60.825905
-61.008247
-61.188346
-61.366230
-61.541923
-61.715451
-61.886838
-62.056109
-62.223289
-62.388401
-62.551471
-62.712522
-62.871577
-63.028660
-63.183794
-63.337001
-63.488305
-63.637728
-63.785292
-63.931020
-64.074932
-64.217052
-64.357399
-64.495995
-64.632861
-64.768017
-64.901485
-65.033284
-65.163434
-65.291956
-65.418869
-65.544191
-65.667943
-65.790143
-65.910811
-66.029964
-66.147621
-66.263801
-66.378520
-66.491797
-66.603650
-66.714095
-66.823151
-66.930833
-67.037159
-67.142145
-67.245807
-67.348163
-67.449227
-67.549016
-67.647545
-67.744830
-67.840886
-67.935728
-68.029371
-68.121829
-68.213118
-68.303252
-68.392245
-68.480111
-68.566864
-68.652518
-68.737086
-68.820582
-68.903018
-68.984409
-69.064767
-69.144104
-69.222434
-69.299768
-69.376120
-69.451502
-69.525924
-69.599400
-69.671941
-69.743559
-69.814264
-69.884069
-69.952985
-70.021022
-70.088192
-70.154505
-70.219972
-70.284603
-70.348409
-70.411400
-70.473587
-70.534978
-70.595585
-70.655416
-70.714482
-70.772792
-70.830355
-70.887181
-70.943278
-70.998657
-71.053325
-71.107292
-71.160566
-71.213156
-71.265070
-71.316317
-71.366905
-71.416843
-71.466138
-71.514798
-71.562831
-71.610245
-71.657048
-71.703247
-71.748850
-71.793864
-71.838296
-71.882154
-71.925445
-71.968175
-72.010352
-72.051982
-72.093073
-72.133630
-72.173661
-72.213172
-72.252169
-72.290659
-72.328648
-72.366142
-72.403147
-72.439670
-72.475716
-72.511290
-72.546400
-72.581050
-72.615246
-72.648994
-72.682299
-72.715166
-72.747602
-72.779611
-72.811198
-72.842369
-72.873128
-72.903481
-72.933433
-72.962988
-72.992151
-73.020927
-73.049321
-73.077338
-73.104981
-73.132255
-73.159165
-73.185716
-73.211911
-73.237754
-73.263251
-73.288405
-73.313219
-73.337700
-73.361849
-73.385671
-73.409171
-73.432351
-73.455216
-73.477770
-73.500015
-73.521956
-73.543596
-73.564939
-73.585988
-73.606747
-73.627219
-73.647407
-73.667314
-73.686945
-73.706301
-73.725387
-73.744205
-73.762759
-73.781051
-73.799084
-73.816861
-73.834386
-73.851661
-73.868689
-73.885472
-73.902013
-73.918316
-73.934382
-73.950215
-73.965816
-73.981189
-73.996336
-74.011259
-74.025961
-74.040444
-74.054711
-74.068764
-74.082604
-74.096236
-74.109659
-74.122878
-74.135893
-74.148708
-74.161324
-74.173743
-74.185967
-74.197998
-74.209838
-74.221490
-74.232954
-74.244234
-74.255329
-74.266244
-74.276978
-74.287535
-74.297915
-74.308121
-74.318154
-74.328015
-74.337707
-74.347230
-74.356587
-74.365779
-74.374807
-74.383672
-74.392378
-74.400924
-74.409312
-74.417543
-74.425619
-74.433542
-74.441311
-74.448930
-74.456398
-74.463717
-74.470888
-74.477913
-74.484793
-74.491528
-74.498120
-74.504570
-74.510879
-74.517047
-74.523077
-74.528968
-74.534722
-74.540341
-74.545823
-74.551172
-74.556386
-74.561468
-74.566418
-74.571237
-74.575926
-74.580485
-74.584916
-74.589218
-74.593393
-74.597441
-74.601363
-74.605159
-74.608831
-74.612379
-74.615803
-74.619103
-74.622282
-74.625338
-74.628272
-74.631086
-74.633779
-74.636352
-74.638804
-74.641138
-74.643353
-74.645449
-74.647426
-74.649286
-74.651028
-74.652652
-74.654160
-74.655550
-74.656824
-74.657982
-74.659023
-74.659948
-74.660757
-74.661450
-74.662028
-74.662490
-74.662836
-74.663067
-74.663182
-74.663182
