-74.623559
-74.623559
-74.623432
-74.623180
-74.622800
-74.622294
-74.621662
-74.620903
-74.620016
-74.619003
-74.617863
-74.616595
-74.615200
-74.613677
-74.612026
-74.610246
-74.608338
-74.606301
-74.604135
-74.601838
-74.599412
-74.596856
-74.594168
-74.591349
-74.588398
-74.585315
-74.582099
-74.578750
-74.575267
-74.571649
-74.567896
-74.564007
-74.559982
-74.555820
-74.551520
-74.547081
-74.542503
-74.537785
-74.532927
-74.527926
-74.522783
-74.517497
-74.512066
-74.506491
-74.500769
-74.494900
-74.488883
-74.482717
-74.476401
-74.469934
-74.463314
-74.456542
-74.449614
-74.442531
-74.435291
-74.427893
-74.420336
-74.412618
-74.404738
-74.396695
-74.388488
-74.380114
-74.371573
-74.362863
-74.353983
-74.344931
-74.335706
-74.326306
-74.316730
-74.306975
-74.297041
-74.286926
-74.276627
-74.266144
-74.255474
-74.244615
-74.233567
-74.222326
-74.210891
-74.199261
-74.187433
-74.175405
-74.163175
-74.150741
-74.138101
-74.125253
-74.112194
-74.098923
-74.085438
-74.071735
-74.057813
-74.043669
-74.029301
-74.014707
-73.999883
-73.984829
-73.969540
-73.954015
-73.938250
-73.922244
-73.905993
-73.889494
-73.872746
-73.855745
-73.838488
-73.820972
-73.803195
-73.785153
-73.766843
-73.748263
-73.729408
-73.710277
-73.690865
-73.671170
-73.651187
-73.630915
-73.610349
-73.589485
-73.568321
-73.546853
-73.525076
-73.502988
-73.480585
-73.457863
-73.434818
-73.411446
-73.387743
-73.363706
-73.339329
-73.314610
-73.289544
-73.264126
-73.238353
-73.212220
-73.185723
-73.158856
-73.131617
-73.103999
-73.075999
-73.047612
-73.018832
-72.989655
-72.960077
-72.930091
-72.899694
-72.868880
-72.837643
-72.805979
-72.773882
-72.741347
-72.708368
-72.674940
-72.641056
-72.606712
-72.571902
-72.536620
-72.500859
-72.464614
-72.427878
-72.390646
-72.352912
-72.314668
-72.275908
-72.236626
-72.196816
-72.156470
-72.115582
-72.074145
-72.032152
-71.989596
-71.946470
-71.902766
-71.858477
-71.813596
-71.768116
-71.722027
-71.675324
-71.627998
-71.580040
-71.531444
-71.482201
-71.432302
-71.381739
-71.330505
-71.278589
-71.225984
-71.172681
-71.118670
-71.063944
-71.008492
-70.952305
-70.895374
-70.837690
-70.779242
-70.720022
-70.660019
-70.599223
-70.537624
-70.475212
-70.411976
-70.347906
-70.282991
-70.217221
-70.150585
-70.083070
-70.014667
-69.945364
-69.875149
-69.804011
-69.731938
-69.658918
-69.584938
-69.509988
-69.434053
-69.357123
-69.279183
-69.200222
-69.120226
-69.039181
-68.957076
-68.873895
-68.789626
-68.704255
-68.617767
-68.530149
-68.441386
-68.351463
-68.260366
-68.168080
-68.074590
-67.979880
-67.883935
-67.786741
-67.688279
-67.588536
-67.487494
-67.385137
-67.281449
-67.176413
-67.070011
-66.962227
-66.853044
-66.742443
-66.630407
-66.516918
-66.401957
-66.285507
-66.167549
-66.048064
-65.927032
-65.804435
-65.680253
-65.554466
-65.427055
-65.297999
-65.167278
-65.034871
-64.900758
-64.764917
-64.627328
-64.487968
-64.346816
-64.203849
-64.059047
-63.912386
-63.763844
-63.613397
-63.461023
-63.306698
-63.150398
-62.992100
-62.831780
-62.669413
-62.504975
-62.338440
-62.169785
-61.998982
-61.826008
-61.650836
-61.473440
-61.293794
-61.111872
-60.927646
-60.741090
-60.552177
-60.360879
-60.167168
-59.971018
-59.772399
-59.571283
-59.367643
-59.161448
-58.952671
-58.741282
-58.527252
-58.310551
-58.091150
-57.869018
-57.644126
-57.416443
-57.185940
-56.952584
-56.716347
-56.477196
-56.235101
-55.990031
-55.741954
-55.490839
-55.236654
-54.979369
-54.718952
-54.455370
-54.188592
-53.918587
-53.645323
-53.368767
-53.088889
-52.805656
-52.519037
-52.229001
-51.935515
-51.638549
-51.338070
-51.034050
-50.726455
-50.415256
-50.100422
-49.781923
-49.459729
-49.133811
-48.804139
-48.470684
-48.133419
-47.792314
-47.447343
-47.098479
-46.745696
-46.388967
-46.028267
-45.663573
-45.294860
-44.922106
-44.545288
-44.164386
-43.779380
-43.390250
-42.996978
-42.599548
-42.197942
-41.792148
-41.382152
-40.967941
-40.549506
-40.126838
-39.699928
-39.268772
-38.833366
-38.393706
-37.949794
-37.501630
-37.049218
-36.592564
-36.131676
-35.666564
-35.197240
-34.723720
-34.246020
-33.764162
-33.278167
-32.788061
-32.293872
-31.795632
-31.293374
-30.787136
-30.276959
-29.762886
-29.244964
-28.723243
-28.197777
-27.668623
-27.135843
-26.599500
-26.059663
-25.516404
-24.969797
-24.419924
-23.866866
-23.310712
-22.751552
-22.189481
-21.624598
-21.057005
-20.486811
-19.914125
-19.339061
-18.761739
-18.182280
-17.600810
-17.017458
-16.432359
-15.845648
-15.257466
-14.667956
-14.077266
-13.485544
-12.892945
-12.299623
-11.705738
-11.111449
-10.516922
-9.922321
-9.327814
-8.733571
-8.139762
-7.546561
-6.954142
-6.362678
-5.772346
-5.183323
-4.595784
-4.009906
-3.425866
-2.843839
-2.264002
-1.686528
-1.111591
-0.539363
0.029986
0.596287
1.159373
1.719081
2.275249
2.827718
3.376333
3.920940
4.461391
4.997541
5.529246
6.056370
6.578779
7.096343
7.608937
8.116441
8.618739
9.115721
9.607280
10.093315
10.573730
11.048434
11.517342
11.980373
12.437452
12.888510
13.333481
13.772306
14.204932
14.631309
15.051394
15.465149
15.872540
16.273539
16.668123
17.056273
17.437977
17.813224
18.182011
18.544338
18.900210
19.249636
19.592628
19.929205
20.259387
20.583198
20.900668
21.211828
21.516713
21.815363
22.107817
22.394121
22.674322
22.948470
23.216617
23.478818
23.735129
23.985609
24.230320
24.469323
24.702684
24.930468
25.152741
25.369574
25.581034
25.787194
25.988124
26.183897
26.374587
26.560266
26.741009
26.916891
27.087987
27.254372
27.416120
27.573309
27.726012
27.874305
28.018263
28.157962
28.293474
28.424876
28.552240
28.675639
28.795147
28.910836
29.022777
29.131041
29.235699
29.336820
29.434472
29.528724
29.619643
29.707295
29.791746
29.873059
29.951300
30.026531
30.098813
30.168208
30.234774
30.298573
30.359661
30.418095
30.473932
30.527227
30.578034
30.626405
30.672394
30.716052
30.757428
30.796573
30.833534
30.868359
30.901094
30.931785
30.960476
30.987212
31.012034
31.034985
31.056106
31.075437
31.093017
31.108884
31.123077
31.135631
31.146583
31.155968
31.163820
31.170172
31.175058
31.178510
31.180558
31.181234
31.180567
31.178586
31.175320
31.170797
31.165043
31.158086
31.149951
31.140663
31.130247
31.118727
31.106127
31.092470
31.077777
31.062071
31.045372
31.027702
31.009082
30.989529
30.969065
30.947708
30.925475
30.902385
30.878456
30.853704
30.828146
30.801798
30.774676
30.746795
30.718170
30.688816
30.658748
30.627978
30.596522
30.564391
30.531599
30.498158
30.464081
30.429380
30.394065
30.358150
30.321645
30.284560
30.246906
30.208694
30.169933
30.130634
30.090806
30.050458
30.009599
29.968239
29.926386
29.884048
29.841234
29.797951
29.754208
29.710012
29.665371
29.620292
29.574783
29.528849
29.482498
29.435737
29.388572
29.341009
29.293054
29.244715
29.195995
29.146902
29.097441
29.047617
28.997435
28.946902
28.896021
28.844799
28.793239
28.741347
28.689128
28.636585
28.583724
28.530548
28.477063
28.423271
28.369178
28.314787
28.260102
28.205127
28.149865
28.094321
28.038498
27.982399
27.926029
27.869389
27.812483
27.755316
27.697889
27.640206
27.582269
27.524083
27.465650
27.406971
27.348052
27.288893
27.229498
27.169870
27.110010
27.049922
26.989608
26.929070
26.868311
26.807333
26.746138
26.684728
26.623107
26.561275
26.499236
26.436990
26.374541
26.311889
26.249038
26.185989
26.122744
26.059305
25.995673
25.931851
25.867840
25.803642
25.739259
25.674692
25.609943
25.545014
25.479906
25.414621
25.349160
25.283526
25.217718
25.151740
25.085592
25.019277
24.952794
24.886146
24.819334
24.752359
24.685224
24.617928
24.550474
24.482862
24.415094
24.347172
24.279096
24.210867
24.142487
24.073958
24.005279
23.936453
23.867481
23.798363
23.729101
23.659696
23.590148
23.520460
23.450632
23.380665
23.310561
23.240319
23.169942
23.099430
23.028785
22.958007
22.887097
22.816057
22.744887
22.673588
22.602161
22.530607
22.458928
22.387123
22.315195
22.243143
22.170970
22.098675
22.026259
21.953724
21.881071
21.808299
21.735411
21.662407
21.589288
21.516055
21.442708
21.369249
21.295678
21.221997
21.148206
21.074305
21.000297
20.926181
20.851959
20.777631
20.703198
20.628661
20.554022
20.479279
20.404436
20.329492
20.254448
20.179305
20.104064
20.028726
19.953292
19.877762
19.802137
19.726419
19.650608
19.574704
19.498709
19.422624
19.346449
19.270186
19.193834
19.117396
19.040872
18.964262
18.887568
18.810791
18.733931
18.656989
18.579967
18.502865
18.425684
18.348425
18.271089
18.193677
18.116190
18.038629
17.960994
17.883287
17.805509
17.727660
17.649743
17.571756
17.493703
17.415583
17.337398
17.259149
17.180836
17.102462
17.024026
16.945531
16.866977
16.788365
16.709696
16.630972
16.552194
16.473363
16.394480
16.315546
16.236563
16.157531
16.078452
15.999328
15.920159
15.840947
15.761693
15.682398
15.603065
15.523693
15.444285
15.364842
15.285365
15.205857
15.126317
15.046749
14.967152
14.887530
14.807883
14.728213
14.648522
14.568810
14.489081
14.409335
14.329575
14.249801
14.170017
14.090223
14.010421
13.930613
13.850801
13.770988
13.691174
13.611362
13.531553
13.451751
13.371956
13.292172
13.212399
13.132641
13.052899
12.973175
12.893473
12.813793
12.734139
12.654513
12.574917
12.495353
12.415825
12.336334
12.256883
12.177475
12.098112
12.018798
11.939534
11.860323
11.781168
11.702073
11.623040
11.544071
11.465170
11.386340
11.307584
11.228905
11.150306
11.071790
10.993361
10.915022
10.836776
10.758627
10.680577
10.602632
10.524793
10.447065
10.369451
10.291956
10.214582
10.137334
10.060215
9.983230
9.906382
9.829676
9.753115
9.676704
9.600447
9.524348
9.448411
9.372642
9.297044
9.221622
9.146380
9.071324
8.996457
8.921785
8.847313
8.773045
8.698986
8.625142
8.551517
8.478117
8.404947
8.332012
8.259318
8.186870
8.114673
8.042734
7.971057
7.899649
7.828516
7.757663
7.687096
7.616821
7.546845
7.477173
7.407812
7.338769
7.270049
7.201659
7.133606
7.065896
6.998536
6.931534
6.864894
6.798626
6.732736
6.667230
6.602117
6.537403
6.473096
6.409203
6.345732
6.282691
6.220087
6.157928
6.096222
6.034977
5.974201
5.913902
5.854089
5.794769
5.735952
5.677646
5.619858
5.562599
5.505877
5.449701
5.394079
5.339021
5.284536
5.230633
5.177322
5.124611
5.072512
5.021032
4.970183
4.919973
4.870413
4.821513
4.773282
4.725732
4.678872
4.632713
4.587265
4.542539
4.498546
4.455297
4.412802
4.371073
4.330120
4.289956
4.250591
4.212036
4.174304
4.137407
4.101355
4.066161
4.031837
3.998395
3.965847
3.934207
3.903485
3.873695
3.844850
3.816962
3.790045
3.764112
3.739175
3.715249
3.692346
3.670481
3.649667
3.629919
3.611249
3.593674
3.577206
3.561861
3.547653
3.534597
3.522707
3.512001
3.502492
3.494195
3.487128
3.481306
3.476744
3.473460
3.471469
3.470786
3.471469
3.473460
3.476744
3.481306
3.487128
3.494195
3.502492
3.512001
3.522707
3.534597
3.547653
3.561861
3.577206
3.593674
3.611249
3.629919
3.649667
3.670481
3.692346
3.715249
3.739175
3.764112
3.790045
3.816962
3.844850
3.873695
3.903485
3.934207
3.965847
3.998395
4.031837
4.066161
4.101355
4.137407
4.174304
4.212036
4.250591
4.289956
4.330120
4.371073
4.412802
4.455297
4.498546
4.542539
4.587265
4.632713
4.678872
4.725732
4.773282
4.821513
4.870413
4.919973
4.970183
5.021032
5.072512
5.124611
5.177322
5.230633
5.284536
5.339021
5.394079
5.449701
5.505877
5.562599
5.619858
5.677646
5.735952
5.794769
5.854089
5.913902
5.974201
6.034977
6.096222
6.157928
6.220087
6.282691
6.345732
6.409203
6.473096
6.537403
6.602117
6.667230
6.732736
6.798626
6.864894
6.931534
6.998536
7.065896
7.133606
7.201659
7.270049
7.338769
7.407812
7.477173
7.546845
7.616821
7.687096
7.757663
7.828516
7.899649
7.971057
8.042734
8.114673
8.186870
8.259318
8.332012
8.404947
8.478117
8.551517
8.625142
8.698986
8.773045
8.847313
8.921785
8.996457
9.071324
9.146380
9.221622
9.297044
9.372642
9.448411
9.524348
9.600447
9.676704
9.753115
9.829676
9.906382
9.983230
10.060215
10.137334
10.214582
10.291956
10.369451
10.447065
10.524793
10.602632
10.680577
10.758627
10.836776
10.915022
10.993361
11.071790
11.150306
11.228905
11.307584
11.386340
11.465170
11.544071
11.623040
11.702073
11.781168
11.860323
11.939534
12.018798
12.098112
12.177475
12.256883
12.336334
12.415825
12.495353
12.574917
12.654513
12.734139
12.813793
12.893473
12.973175
13.052899
13.132641
13.212399
13.292172
13.371956
13.451751
13.531553
13.611362
13.691174
13.770988
13.850801
13.930613
14.010421
14.090223
14.170017
14.249801
14.329575
14.409335
14.489081
14.568810
14.648522
14.728213
14.807883
14.887530
14.967152
15.046749
15.126317
15.205857
15.285365
15.364842
15.444285
15.523693
15.603065
15.682398
15.761693
15.840947
15.920159
15.999328
16.078452
16.157531
16.236563
16.315546
16.394480
16.473363
16.552194
16.630972
16.709696
16.788365
16.866977
16.945531
17.024026
17.102462
17.180836
17.259149
17.337398
17.415583
17.493703
17.571756
17.649743
17.727660
17.805509
17.883287
17.960994
18.038629
18.116190
18.193677
18.271089
18.348425
18.425684
18.502865
18.579967
18.656989
18.733931
18.810791
18.887568
18.964262
19.040872
19.117396
19.193834
19.270186
19.346449
19.422624
19.498709
19.574704
19.650608
19.726419
19.802137
19.877762
19.953292
20.028726
20.104064
20.179305
20.254448
20.329492
20.404436
20.479279
20.554022
20.628661
20.703198
20.777631
20.851959
20.926181
21.000297
21.074305
21.148206
21.221997
21.295678
21.369249
21.442708
21.516055
21.589288
21.662407
21.735411
21.808299
21.881071
21.953724
22.026259
22.098675
22.170970
22.243143
22.315195
22.387123
22.458928
22.530607
22.602161
22.673588
22.744887
22.816057
22.887097
22.958007
23.028785
23.099430
23.169942
23.240319
23.310561
23.380665
23.450632
23.520460
23.590148
23.659696
23.729101
23.798363
23.867481
23.936453
24.005279
24.073958
24.142487
24.210867
24.279096
24.347172
24.415094
24.482862
24.550474
24.617928
24.685224
24.752359
24.819334
24.886146
24.952794
25.019277
25.085592
25.151740
25.217718
25.283526
25.349160
25.414621
25.479906
25.545014
25.609943
25.674692
25.739259
25.803642
25.867840
25.931851
25.995673
26.059305
26.122744
26.185989
26.249038
26.311889
26.374541
26.436990
26.499236
26.561275
26.623107
26.684728
26.746138
26.807333
26.868311
26.929070
26.989608
27.049922
27.110010
27.169870
27.229498
27.288893
27.348052
27.406971
27.465650
27.524083
27.582269
27.640206
27.697889
27.755316
27.812483
27.869389
27.926029
27.982399
28.038498
28.094321
28.149865
28.205127
28.260102
28.314787
28.369178
28.423271
28.477063
28.530548
28.583724
28.636585
28.689128
28.741347
28.793239
28.844799
28.896021
28.946902
28.997435
29.047617
29.097441
29.146902
29.195995
29.244715
29.293054
29.341009
29.388572
29.435737
29.482498
29.528849
29.574783
29.620292
29.665371
29.710012
29.754208
29.797951
29.841234
29.884048
29.926386
29.968239
30.009599
30.050458
30.090806
30.130634
30.169933
30.208694
30.246906
30.284560
30.321645
30.358150
30.394065
30.429380
30.464081
30.498158
30.531599
30.564391
30.596522
30.627978
30.658748
30.688816
30.718170
30.746795
30.774676
30.801798
30.828146
30.853704
30.878456
30.902385
30.925475
30.947708
30.969065
30.989529
31.009082
31.027702
31.045372
31.062071
31.077777
31.092470
31.106127
31.118727
31.130247
31.140663
31.149951
31.158086
31.165043
31.170797
31.175320
31.178586
31.180567
31.181234
31.180558
31.178510
31.175058
31.170172
31.163820
31.155968
31.146583
31.135631
31.123077
31.108884
31.093017
31.075437
31.056106
31.034985
31.012034
30.987212
30.960476
30.931785
30.901094
30.868359
30.833534
30.796573
30.757428
30.716052
30.672394
30.626405
30.578034
30.527227
30.473932
30.418095
30.359661
30.298573
30.234774
30.168208
30.098813
30.026531
29.951300
29.873059
29.791746
29.707295
29.619643
29.528724
29.434472
29.336820
29.235699
29.131041
29.022777
28.910836
28.795147
28.675639
28.552240
28.424876
28.293474
28.157962
28.018263
27.874305
27.726012
27.573309
27.416120
27.254372
27.087987
26.916891
26.741009
26.560266
26.374587
26.183897
25.988124
25.787194
25.581034
25.369574
25.152741
24.930468
24.702684
24.469323
24.230320
23.985609
23.735129
23.478818
23.216617
22.948470
22.674322
22.394121
22.107817
21.815363
21.516713
21.211828
20.900668
20.583198
20.259387
19.929205
19.592628
19.249636
18.900210
18.544338
18.182011
17.813224
17.437977
17.056273
16.668123
16.273539
15.872540
15.465149
15.051394
14.631309
14.204932
13.772306
13.333481
12.888510
12.437452
11.980373
11.517342
11.048434
10.573730
10.093315
9.607280
9.115721
8.618739
8.116441
7.608937
7.096343
6.578779
6.056370
5.529246
4.997541
4.461391
3.920940
3.376333
2.827718
2.275249
1.719081
1.159373
0.596287
0.029986
-0.539363
-1.111591
-1.686528
-2.264002
-2.843839
-3.425866
-4.009906
-4.595784
-5.183323
-5.772346
-6.362678
-6.954142
-7.546561
-8.139762
-8.733571
-9.327814
-9.922321
-10.516922
-11.111449
-11.705738
-12.299623
-12.892945
-13.485544
-14.077266
-14.667956
-15.257466
-15.845648
-16.432359
-17.017458
-17.600810
-18.182280
-18.761739
-19.339061
-19.914125
-20.486811
-21.057005
-21.624598
-22.189481
-22.751552
-23.310712
-23.866866
-24.419924
-24.969797
-25.516404
-26.059663
-26.599500
-27.135843
-27.668623
-28.197777
-28.723243
-29.244964
-29.762886
-30.276959
-30.787136
-31.293374
-31.795632
-32.293872
-32.788061
-33.278167
-33.764162
-34.246020
-34.723720
-35.197240
-35.666564
-36.131676
-36.592564
-37.049218
-37.501630
-37.949794
-38.393706
-38.833366
-39.268772
-39.699928
-40.126838
-40.549506
-40.967941
-41.382152
-41.792148
-42.197942
-42.599548
-42.996978
-43.390250
-43.779380
-44.164386
-44.545288
-44.922106
-45.294860
-45.663573
-46.028267
-46.388967
-46.745696
-47.098479
-47.447343
-47.792314
-48.133419
-48.470684
-48.804139
-49.133811
-49.459729
-49.781923
-50.100422
-50.415256
-50.726455
-51.034050
-51.338070
-51.638549
-51.935515
-52.229001
-52.519037
-52.805656
-53.088889
-53.368767
-53.645323
-53.918587
-54.188592
-54.455370
-54.718952
-54.979369
-55.236654
-55.490839
-55.741954
-55.990031
-56.235101
-56.477196
-56.716347
-56.952584
-57.185940
-57.416443
-57.644126
-57.869018
-58.091150
-58.310551
-58.527252
-58.741282
-58.952671
-59.161448
-59.367643
-59.571283
-59.772399
-59.971018
-60.167168
-60.360879
-60.552177
-60.741090
-60.927646
-61.111872
-61.293794
-61.473440
-61.650836
-61.826008
-61.998982
-62.169785
-62.338440
-62.504975
-62.669413
-62.831780
-62.992100
-63.150398
-63.306698
-63.461023
-63.613397
-63.763844
-63.912386
-64.059047
-64.203849
-64.346816
-64.487968
-64.627328
-64.764917
-64.900758
-65.034871
-65.167278
-65.297999
-65.427055
-65.554466
-65.680253
-65.804435
-65.927032
-66.048064
-66.167549
-66.285507
-66.401957
-66.516918
-66.630407
-66.742443
-66.853044
-66.962227
-67.070011
-67.176413
-67.281449
-67.385137
-67.487494
-67.588536
-67.688279
-67.786741
-67.883935
-67.979880
-68.074590
-68.168080
-68.260366
-68.351463
-68.441386
-68.530149
-68.617767
-68.704255
-68.789626
-68.873895
-68.957076
-69.039181
-69.120226
-69.200222
-69.279183
-69.357123
-69.434053
-69.509988
-69.584938
-69.658918
-69.731938
-69.804011
-69.875149
-69.945364
-70.014667
-70.083070
-70.150585
-70.217221
-70.282991
-70.347906
-70.411976
-70.475212
-70.537624
-70.599223
-70.660019
-70.720022
-70.779242
-70.837690
-70.895374
-70.952305
-71.008492
-71.063944
-71.118670
-71.172681
-71.225984
-71.278589
-71.330505
-71.381739
-71.432302
-71.482201
-71.531444
-71.580040
-71.627998
-71.675324
-71.722027
-71.768116
-71.813596
-71.858477
-71.902766
-71.946470
-71.989596
-72.032152
-72.074145
-72.115582
-72.156470
-72.196816
-72.236626
-72.275908
-72.314668
-72.352912
-72.390646
-72.427878
-72.464614
-72.500859
-72.536620
-72.571902
-72.606712
-72.641056
-72.674940
-72.708368
-72.741347
-72.773882
-72.805979
-72.837643
-72.868880
-72.899694
-72.930091
-72.960077
-72.989655
-73.018832
-73.047612
-73.075999
-73.103999
-73.131617
-73.158856
-73.185723
-73.212220
-73.238353
-73.264126
-73.289544
-73.314610
-73.339329
-73.363706
-73.387743
-73.411446
-73.434818
-73.457863
-73.480585
-73.502988
-73.525076
-73.546853
-73.568321
-73.589485
-73.610349
-73.630915
-73.651187
-73.671170
-73.690865
-73.710277
-73.729408
-73.748263
-73.766843
-73.785153
-73.803195
-73.820972
-73.838488
-73.855745
-73.872746
-73.889494
-73.905993
-73.922244
-73.938250
-73.954015
-73.969540
-73.984829
-73.999883
-74.014707
-74.029301
-74.043669
-74.057813
-74.071735
-74.085438
-74.098923
-74.112194
-74.125253
-74.138101
-74.150741
-74.163175
-74.175405
-74.187433
-74.199261
-74.210891
-74.222326
-74.233567
-74.244615
-74.255474
-74.266144
-74.276627
-74.286926
-74.297041
-74.306975
-74.316730
-74.326306
-74.335706
-74.344931
-74.353983
-74.362863
-74.371573
-74.380114
-74.388488
-74.396695
-74.404738
-74.412618
-74.420336
-74.427893
-74.435291
-74.442531
-74.449614
-74.456542
-74.463314
-74.469934
-74.476401
-74.482717
-74.488883
-74.494900
-74.500769
-74.506491
-74.512066
-74.517497
-74.522783
-74.527926
-74.532927
-74.537785
-74.542503
-74.547081
-74.551520
-74.555820
-74.559982
-74.564007
-74.567896
-74.571649
-74.575267
-74.578750
-74.582099
-74.585315
-74.588398
-74.591349
-74.594168
-74.596856
-74.599412
-74.601838
-74.604135
-74.606301
-74.608338
-74.610246
-74.612026
-74.613677
-74.615200
-74.616595
-74.617863
-74.619003
-74.620016
-74.620903
-74.621662
-74.622294
-74.622800
-74.623180
-74.623432
-74.623559
-74.623559
