-74.622006
-74.622006
-74.621879
-74.621626
-74.621246
-74.620739
-74.620105
-74.619344
-74.618456
-74.617440
-74.616298
-74.615027
-74.613629
-74.612102
-74.610448
-74.608664
-74.606752
-74.604710
-74.602539
-74.600238
-74.597806
-74.595244
-74.592551
-74.589726
-74.586768
-74.583678
-74.580455
-74.577099
-74.573608
-74.569982
-74.566221
-74.562324
-74.558290
-74.554118
-74.549809
-74.545361
-74.540773
-74.536044
-74.531175
-74.526164
-74.521009
-74.515712
-74.510269
-74.504681
-74.498947
-74.493065
-74.487035
-74.480856
-74.474526
-74.468044
-74.461410
-74.454623
-74.447680
-74.440581
-74.433326
-74.425911
-74.418338
-74.410603
-74.402706
-74.394645
-74.386419
-74.378027
-74.369468
-74.360739
-74.351839
-74.342767
-74.333522
-74.324101
-74.314504
-74.304728
-74.294772
-74.284634
-74.274313
-74.263807
-74.253113
-74.242231
-74.231158
-74.219893
-74.208433
-74.196777
-74.184923
-74.172868
-74.160611
-74.148150
-74.135482
-74.122606
-74.109519
-74.096219
-74.082704
-74.068971
-74.055018
-74.040843
-74.026444
-74.011817
-73.996961
-73.981873
-73.966551
-73.950992
-73.935192
-73.919151
-73.902864
-73.886330
-73.869544
-73.852506
-73.835211
-73.817656
-73.799840
-73.781758
-73.763408
-73.744787
-73.725891
-73.706718
-73.687263
-73.667524
-73.647498
-73.627181
-73.606569
-73.585660
-73.564449
-73.542934
-73.521109
-73.498973
-73.476520
-73.453748
-73.430652
-73.407229
-73.383474
-73.359383
-73.334953
-73.310180
-73.285058
-73.259585
-73.233755
-73.207564
-73.181008
-73.154083
-73.126783
-73.099105
-73.071043
-73.042593
-73.013750
-72.984509
-72.954865
-72.924814
-72.894349
-72.863467
-72.832162
-72.800428
-72.768260
-72.735653
-72.702602
-72.669100
-72.635142
-72.600722
-72.565835
-72.530475
-72.494635
-72.458310
-72.421494
-72.384180
-72.346362
-72.308034
-72.269189
-72.229821
-72.189923
-72.149488
-72.108510
-72.066982
-72.024896
-71.982247
-71.939025
-71.895225
-71.850839
-71.805859
-71.760278
-71.714088
-71.667282
-71.619852
-71.571789
-71.523086
-71.473734
-71.423725
-71.373052
-71.321704
-71.269674
-71.216954
-71.163533
-71.109404
-71.054557
-70.998983
-70.942672
-70.885617
-70.827805
-70.769229
-70.709879
-70.649744
-70.588814
-70.527080
-70.464531
-70.401156
-70.336946
-70.271889
-70.205974
-70.139191
-70.071529
-70.002975
-69.933520
-69.863151
-69.791857
-69.719626
-69.646445
-69.572304
-69.497189
-69.421088
-69.343989
-69.265879
-69.186745
-69.106573
-69.025352
-68.943066
-68.859704
-68.775251
-68.689693
-68.603016
-68.515206
-68.426249
-68.336129
-68.244833
-68.152346
-68.058652
-67.963735
-67.867582
-67.770175
-67.671499
-67.571538
-67.470276
-67.367696
-67.263782
-67.158517
-67.051884
-66.943866
-66.834445
-66.723604
-66.611324
-66.497589
-66.382379
-66.265676
-66.147462
-66.027717
-65.906423
-65.783561
-65.659110
-65.533051
-65.405364
-65.276029
-65.145025
-65.012333
-64.877930
-64.741796
-64.603910
-64.464249
-64.322793
-64.179519
-64.034405
-63.887429
-63.738567
-63.587797
-63.435096
-63.280440
-63.123806
-62.965169
-62.804506
-62.641791
-62.477002
-62.310111
-62.141096
-61.969929
-61.796587
-61.621042
-61.443269
-61.263241
-61.080932
-60.896316
-60.709365
-60.520052
-60.328349
-60.134230
-59.937665
-59.738628
-59.537089
-59.333020
-59.126392
-58.917177
-58.705345
-58.490867
-58.273713
-58.053854
-57.831259
-57.605899
-57.377744
-57.146761
-56.912923
-56.676196
-56.436552
-56.193957
-55.948382
-55.699796
-55.448166
-55.193461
-54.935650
-54.674702
-54.410583
-54.143264
-53.872712
-53.598895
-53.321781
-53.041340
-52.757538
-52.470345
-52.179729
-51.885658
-51.588102
-51.287029
-50.982407
-50.674207
-50.362396
-50.046946
-49.727826
-49.405006
-49.078456
-48.748147
-48.414051
-48.076139
-47.734384
-47.388757
-47.039233
-46.685785
-46.328386
-45.967014
-45.601642
-45.232247
-44.858807
-44.481301
-44.099706
-43.714003
-43.324173
-42.930199
-42.532063
-42.129749
-41.723244
-41.312534
-40.897609
-40.478457
-40.055069
-39.627440
-39.195563
-38.759435
-38.319053
-37.874419
-37.425533
-36.972399
-36.515025
-36.053418
-35.587588
-35.117549
-34.643315
-34.164906
-33.682341
-33.195643
-32.704838
-32.209955
-31.711027
-31.208086
-30.701172
-30.190326
-29.675590
-29.157014
-28.634647
-28.108545
-27.578765
-27.045368
-26.508420
-25.967989
-25.424149
-24.876974
-24.326545
-23.772947
-23.216267
-22.656596
-22.094031
-21.528671
-20.960620
-20.389984
-19.816876
-19.241410
-18.663705
-18.083884
-17.502074
-16.918405
-16.333010
-15.746028
-15.157598
-14.567866
-13.976977
-13.385083
-12.792337
-12.198896
-11.604918
-11.010565
-10.416000
-9.821390
-9.226903
-8.632708
-8.038978
-7.445884
-6.853601
-6.262304
-5.672169
-5.083372
-4.496089
-3.910497
-3.326773
-2.745093
-2.165631
-1.588562
-1.014060
-0.442296
0.126560
0.692340
1.254877
1.814008
2.369572
2.921410
3.469368
4.013292
4.553035
5.088452
5.619401
6.145745
6.667352
7.184092
7.695841
8.202480
8.703894
9.199972
9.690609
10.175706
10.655166
11.128901
11.596825
12.058858
12.514927
12.964962
13.408900
13.846682
14.278256
14.703572
15.122589
15.535269
15.941580
16.341494
16.734989
17.122046
17.502655
17.876805
18.244495
18.605725
18.960500
19.308830
19.650729
19.986215
20.315310
20.638038
20.954429
21.264516
21.568334
21.865922
22.157322
22.442579
22.721741
22.994858
23.261982
23.523170
23.778477
24.027964
24.271691
24.509722
24.742120
24.968953
25.190287
25.406191
25.616735
25.821990
26.022028
26.216921
26.406743
26.591567
26.771467
26.946519
27.116798
27.282378
27.443335
27.599745
27.751682
27.899223
28.042441
28.181412
28.316210
28.446909
28.573584
28.696307
28.815151
28.930188
29.041489
29.149126
29.253169
29.353686
29.450747
29.544419
29.634770
29.721865
29.805770
29.886550
29.964267
30.038985
30.110765
30.179669
30.245755
30.309082
30.369709
30.427692
30.483088
30.535951
30.586335
30.634294
30.679879
30.723141
30.764130
30.802897
30.839488
30.873951
30.906332
30.936677
30.965031
30.991436
31.015935
31.038570
31.059382
31.078411
31.095695
31.111274
31.125184
31.137462
31.148145
31.157266
31.164860
31.170961
31.175600
31.178811
31.180624
31.181069
31.180177
31.177976
31.174494
31.169760
31.163801
31.156642
31.148310
31.138830
31.128225
31.116521
31.103741
31.089907
31.075041
31.059166
31.042303
31.024471
31.005692
30.985985
30.965369
30.943862
30.921484
30.898252
30.874183
30.849295
30.823603
30.797124
30.769873
30.741867
30.713119
30.683644
30.653457
30.622572
30.591001
30.558759
30.525857
30.492309
30.458127
30.423322
30.387907
30.351892
30.315289
30.278108
30.240361
30.202056
30.163205
30.123817
30.083901
30.043467
30.002525
29.961081
29.919147
29.876729
29.833836
29.790476
29.746657
29.702387
29.657672
29.612521
29.566940
29.520937
29.474517
29.427688
29.380456
29.332828
29.284809
29.236405
29.187623
29.138468
29.088946
29.039062
28.988822
28.938230
28.887292
28.836013
28.784398
28.732451
28.680177
28.627581
28.574667
28.521439
28.467902
28.414060
28.359917
28.305477
28.250743
28.195720
28.140411
28.084820
28.028951
27.972806
27.916390
27.859706
27.802756
27.745545
27.688075
27.630349
27.572371
27.514143
27.455668
27.396949
27.337989
27.278791
27.219356
27.159689
27.099791
27.039664
26.979312
26.918737
26.857941
26.796926
26.735695
26.674250
26.612592
26.550726
26.488651
26.426371
26.363887
26.301202
26.238317
26.175235
26.111957
26.048485
25.984821
25.920966
25.856923
25.792694
25.728279
25.663681
25.598902
25.533942
25.468804
25.403489
25.337998
25.272334
25.206498
25.140490
25.074314
25.007969
24.941458
24.874782
24.807942
24.740940
24.673776
24.606453
24.538972
24.471333
24.403539
24.335590
24.267487
24.199232
24.130827
24.062271
23.993567
23.924716
23.855718
23.786575
23.717288
23.647858
23.578286
23.508573
23.438720
23.368729
23.298601
23.228336
23.157935
23.087399
23.016731
22.945929
22.874996
22.803933
22.732740
22.661418
22.589969
22.518393
22.446691
22.374864
22.302914
22.230840
22.158645
22.086328
22.013891
21.941335
21.868660
21.795867
21.722958
21.649933
21.576793
21.503539
21.430172
21.356692
21.283101
21.209399
21.135588
21.061667
20.987639
20.913503
20.839261
20.764913
20.690461
20.615905
20.541246
20.466484
20.391622
20.316658
20.241596
20.166434
20.091174
20.015817
19.940364
19.864816
19.789173
19.713436
19.637606
19.561684
19.485671
19.409568
19.333375
19.257094
19.180725
19.104269
19.027727
18.951100
18.874388
18.797594
18.720716
18.643758
18.566718
18.489599
18.412401
18.335125
18.257772
18.180344
18.102840
18.025262
17.947610
17.869887
17.792092
17.714227
17.636293
17.558290
17.480220
17.402084
17.323883
17.245618
17.167290
17.088899
17.010448
16.931937
16.853367
16.774739
16.696055
16.617315
16.538522
16.459675
16.380776
16.301827
16.222828
16.143781
16.064687
15.985548
15.906364
15.827137
15.747868
15.668558
15.589209
15.509823
15.430400
15.350942
15.271451
15.191927
15.112373
15.032790
14.953179
14.873542
14.793881
14.714196
14.634490
14.554765
14.475021
14.395261
14.315486
14.235698
14.155899
14.076091
13.996274
13.916453
13.836627
13.756799
13.676971
13.597145
13.517322
13.437506
13.357697
13.277899
13.198112
13.118340
13.038584
12.958846
12.879130
12.799436
12.719768
12.640128
12.560518
12.480941
12.401399
12.321894
12.242429
12.163007
12.083631
12.004302
11.925024
11.845800
11.766631
11.687522
11.608475
11.529493
11.450578
11.371734
11.292964
11.214271
11.135658
11.057129
10.978686
10.900333
10.822073
10.743910
10.665846
10.587887
10.510034
10.432292
10.354664
10.277155
10.199767
10.122505
10.045372
9.968373
9.891511
9.814790
9.738215
9.661790
9.585519
9.509405
9.433455
9.357671
9.282058
9.206622
9.131366
9.056295
8.981414
8.906727
8.832240
8.757957
8.683884
8.610025
8.536385
8.462970
8.389785
8.316835
8.244125
8.171662
8.099450
8.027496
7.955804
7.884380
7.813231
7.742362
7.671780
7.601489
7.531497
7.461810
7.392433
7.323373
7.254637
7.186231
7.118162
7.050435
6.983059
6.916039
6.849384
6.783098
6.717191
6.651668
6.586538
6.521806
6.457482
6.393572
6.330083
6.267024
6.204402
6.142225
6.080501
6.019237
5.958443
5.898125
5.838293
5.778955
5.720118
5.661793
5.603986
5.546707
5.489965
5.433769
5.378127
5.323049
5.268543
5.214620
5.161287
5.108556
5.056435
5.004934
4.954063
4.903831
4.854249
4.805326
4.757073
4.709500
4.662616
4.616434
4.570962
4.526213
4.482196
4.438922
4.396402
4.354648
4.313670
4.273479
4.234088
4.195507
4.157749
4.120824
4.084745
4.049523
4.015171
3.981700
3.949123
3.917453
3.886702
3.856882
3.828006
3.800087
3.773138
3.747172
3.722203
3.698243
3.675307
3.653408
3.632559
3.612775
3.594070
3.576458
3.559953
3.544569
3.530323
3.517228
3.505299
3.494551
3.485000
3.476662
3.469552
3.463686
3.459079
3.455749
3.453712
3.452953
3.453712
3.455749
3.459079
3.463686
3.469552
3.476662
3.485000
3.494551
3.505299
3.517228
3.530323
3.544569
3.559953
3.576458
3.594070
3.612775
3.632559
3.653408
3.675307
3.698243
3.722203
3.747172
3.773138
3.800087
3.828006
3.856882
3.886702
3.917453
3.949123
3.981700
4.015171
4.049523
4.084745
4.120824
4.157749
4.195507
4.234088
4.273479
4.313670
4.354648
4.396402
4.438922
4.482196
4.526213
4.570962
4.616434
4.662616
4.709500
4.757073
4.805326
4.854249
4.903831
4.954063
5.004934
5.056435
5.108556
5.161287
5.214620
5.268543
5.323049
5.378127
5.433769
5.489965
5.546707
5.603986
5.661793
5.720118
5.778955
5.838293
5.898125
5.958443
6.019237
6.080501
6.142225
6.204402
6.267024
6.330083
6.393572
6.457482
6.521806
6.586538
6.651668
6.717191
6.783098
6.849384
6.916039
6.983059
7.050435
7.118162
7.186231
7.254637
7.323373
7.392433
7.461810
7.531497
7.601489
7.671780
7.742362
7.813231
7.884380
7.955804
8.027496
8.099450
8.171662
8.244125
8.316835
8.389785
8.462970
8.536385
8.610025
8.683884
8.757957
8.832240
8.906727
8.981414
9.056295
9.131366
9.206622
9.282058
9.357671
9.433455
9.509405
9.585519
9.661790
9.738215
9.814790
9.891511
9.968373
10.045372
10.122505
10.199767
10.277155
10.354664
10.432292
10.510034
10.587887
10.665846
10.743910
10.822073
10.900333
10.978686
11.057129
11.135658
11.214271
11.292964
11.371734
11.450578
11.529493
11.608475
11.687522
11.766631
11.845800
11.925024
12.004302
12.083631
12.163007
12.242429
12.321894
12.401399
12.480941
12.560518
12.640128
12.719768
12.799436
12.879130
12.958846
13.038584
13.118340
13.198112
13.277899
13.357697
13.437506
13.517322
13.597145
13.676971
13.756799
13.836627
13.916453
13.996274
14.076091
14.155899
14.235698
14.315486
14.395261
14.475021
14.554765
14.634490
14.714196
14.793881
14.873542
14.953179
15.032790
15.112373
15.191927
15.271451
15.350942
15.430400
15.509823
15.589209
15.668558
15.747868
15.827137
15.906364
15.985548
16.064687
16.143781
16.222828
16.301827
16.380776
16.459675
16.538522
16.617315
16.696055
16.774739
16.853367
16.931937
17.010448
17.088899
17.167290
17.245618
17.323883
17.402084
17.480220
17.558290
17.636293
17.714227
17.792092
17.869887
17.947610
18.025262
18.102840
18.180344
18.257772
18.335125
18.412401
18.489599
18.566718
18.643758
18.720716
18.797594
18.874388
18.951100
19.027727
19.104269
19.180725
19.257094
19.333375
19.409568
19.485671
19.561684
19.637606
19.713436
19.789173
19.864816
19.940364
20.015817
20.091174
20.166434
20.241596
20.316658
20.391622
20.466484
20.541246
20.615905
20.690461
20.764913
20.839261
20.913503
20.987639
21.061667
21.135588
21.209399
21.283101
21.356692
21.430172
21.503539
21.576793
21.649933
21.722958
21.795867
21.868660
21.941335
22.013891
22.086328
22.158645
22.230840
22.302914
22.374864
22.446691
22.518393
22.589969
22.661418
22.732740
22.803933
22.874996
22.945929
23.016731
23.087399
23.157935
23.228336
23.298601
23.368729
23.438720
23.508573
23.578286
23.647858
23.717288
23.786575
23.855718
23.924716
23.993567
24.062271
24.130827
24.199232
24.267487
24.335590
24.403539
24.471333
24.538972
24.606453
24.673776
24.740940
24.807942
24.874782
24.941458
25.007969
25.074314
25.140490
25.206498
25.272334
25.337998
25.403489
25.468804
25.533942
25.598902
25.663681
25.728279
25.792694
25.856923
25.920966
25.984821
26.048485
26.111957
26.175235
26.238317
26.301202
26.363887
26.426371
26.488651
26.550726
26.612592
26.674250
26.735695
26.796926
26.857941
26.918737
26.979312
27.039664
27.099791
27.159689
27.219356
27.278791
27.337989
27.396949
27.455668
27.514143
27.572371
27.630349
27.688075
27.745545
27.802756
27.859706
27.916390
27.972806
28.028951
28.084820
28.140411
28.195720
28.250743
28.305477
28.359917
28.414060
28.467902
28.521439
28.574667
28.627581
28.680177
28.732451
28.784398
28.836013
28.887292
28.938230
28.988822
29.039062
29.088946
29.138468
29.187623
29.236405
29.284809
29.332828
29.380456
29.427688
29.474517
29.520937
29.566940
29.612521
29.657672
29.702387
29.746657
29.790476
29.833836
29.876729
29.919147
29.961081
30.002525
30.043467
30.083901
30.123817
30.163205
30.202056
30.240361
30.278108
30.315289
30.351892
30.387907
30.423322
30.458127
30.492309
30.525857
30.558759
30.591001
30.622572
30.653457
30.683644
30.713119
30.741867
30.769873
30.797124
30.823603
30.849295
30.874183
30.898252
30.921484
30.943862
30.965369
30.985985
31.005692
31.024471
31.042303
31.059166
31.075041
31.089907
31.103741
31.116521
31.128225
31.138830
31.148310
31.156642
31.163801
31.169760
31.174494
31.177976
31.180177
31.181069
31.180624
31.178811
31.175600
31.170961
31.164860
31.157266
31.148145
31.137462
31.125184
31.111274
31.095695
31.078411
31.059382
31.038570
31.015935
30.991436
30.965031
30.936677
30.906332
30.873951
30.839488
30.802897
30.764130
30.723141
30.679879
30.634294
30.586335
30.535951
30.483088
30.427692
30.369709
30.309082
30.245755
30.179669
30.110765
30.038985
29.964267
29.886550
29.805770
29.721865
29.634770
29.544419
29.450747
29.353686
29.253169
29.149126
29.041489
28.930188
28.815151
28.696307
28.573584
28.446909
28.316210
28.181412
28.042441
27.899223
27.751682
27.599745
27.443335
27.282378
27.116798
26.946519
26.771467
26.591567
26.406743
26.216921
26.022028
25.821990
25.616735
25.406191
25.190287
24.968953
24.742120
24.509722
24.271691
24.027964
23.778477
23.523170
23.261982
22.994858
22.721741
22.442579
22.157322
21.865922
21.568334
21.264516
20.954429
20.638038
20.315310
19.986215
19.650729
19.308830
18.960500
18.605725
18.244495
17.876805
17.502655
17.122046
16.734989
16.341494
15.941580
15.535269
15.122589
14.703572
14.278256
13.846682
13.408900
12.964962
12.514927
12.058858
11.596825
11.128901
10.655166
10.175706
9.690609
9.199972
8.703894
8.202480
7.695841
7.184092
6.667352
6.145745
5.619401
5.088452
4.553035
4.013292
3.469368
2.921410
2.369572
1.814008
1.254877
0.692340
0.126560
-0.442296
-1.014060
-1.588562
-2.165631
-2.745093
-3.326773
-3.910497
-4.496089
-5.083372
-5.672169
-6.262304
-6.853601
-7.445884
-8.038978
-8.632708
-9.226903
-9.821390
-10.416000
-11.010565
-11.604918
-12.198896
-12.792337
-13.385083
-13.976977
-14.567866
-15.157598
-15.746028
-16.333010
-16.918405
-17.502074
-18.083884
-18.663705
-19.241410
-19.816876
-20.389984
-20.960620
-21.528671
-22.094031
-22.656596
-23.216267
-23.772947
-24.326545
-24.876974
-25.424149
-25.967989
-26.508420
-27.045368
-27.578765
-28.108545
-28.634647
-29.157014
-29.675590
-30.190326
-30.701172
-31.208086
-31.711027
-32.209955
-32.704838
-33.195643
-33.682341
-34.164906
-34.643315
-35.117549
-35.587588
-36.053418
-36.515025
-36.972399
-37.425533
-37.874419
-38.319053
-38.759435
-39.195563
-39.627440
-40.055069
-40.478457
-40.897609
-41.312534
-41.723244
-42.129749
-42.532063
-42.930199
-43.324173
-43.714003
-44.099706
-44.481301
-44.858807
-45.232247
-45.601642
-45.967014
-46.328386
-46.685785
-47.039233
-47.388757
-47.734384
-48.076139
-48.414051
-48.748147
-49.078456
-49.405006
-49.727826
-50.046946
-50.362396
-50.674207
-50.982407
-51.287029
-51.588102
-51.885658
-52.179729
-52.470345
-52.757538
-53.041340
-53.321781
-53.598895
-53.872712
-54.143264
-54.410583
-54.674702
-54.935650
-55.193461
-55.448166
-55.699796
-55.948382
-56.193957
-56.436552
-56.676196
-56.912923
-57.146761
-57.377744
-57.605899
-57.831259
-58.053854
-58.273713
-58.490867
-58.705345
-58.917177
-59.126392
-59.333020
-59.537089
-59.738628
-59.937665
-60.134230
-60.328349
-60.520052
-60.709365
-60.896316
-61.080932
-61.263241
-61.443269
-61.621042
-61.796587
-61.969929
-62.141096
-62.310111
-62.477002
-62.641791
-62.804506
-62.965169
-63.123806
-63.280440
-63.435096
-63.587797
-63.738567
-63.887429
-64.034405
-64.179519
-64.322793
-64.464249
-64.603910
-64.741796
-64.877930
-65.012333
-65.145025
-65.276029
-65.405364
-65.533051
-65.659110
-65.783561
-65.906423
-66.027717
-66.147462
-66.265676
-66.382379
-66.497589
-66.611324
-66.723604
-66.834445
-66.943866
-67.051884
-67.158517
-67.263782
-67.367696
-67.470276
-67.571538
-67.671499
-67.770175
-67.867582
-67.963735
-68.058652
-68.152346
-68.244833
-68.336129
-68.426249
-68.515206
-68.603016
-68.689693
-68.775251
-68.859704
-68.943066
-69.025352
-69.106573
-69.186745
-69.265879
-69.343989
-69.421088
-69.497189
-69.572304
-69.646445
-69.719626
-69.791857
-69.863151
-69.933520
-70.002975
-70.071529
-70.139191
-70.205974
-70.271889
-70.336946
-70.401156
-70.464531
-70.527080
-70.588814
-70.649744
-70.709879
-70.769229
-70.827805
-70.885617
-70.942672
-70.998983
-71.054557
-71.109404
-71.163533
-71.216954
-71.269674
-71.321704
-71.373052
-71.423725
-71.473734
-71.523086
-71.571789
-71.619852
-71.667282
-71.714088
-71.760278
-71.805859
-71.850839
-71.895225
-71.939025
-71.982247
-72.024896
-72.066982
-72.108510
-72.149488
-72.189923
-72.229821
-72.269189
-72.308034
-72.346362
-72.384180
-72.421494
-72.458310
-72.494635
-72.530475
-72.565835
-72.600722
-72.635142
-72.669100
-72.702602
-72.735653
-72.768260
-72.800428
-72.832162
-72.863467
-72.894349
-72.924814
-72.954865
-72.984509
-73.013750
-73.042593
-73.071043
-73.099105
-73.126783
-73.154083
-73.181008
-73.207564
-73.233755
-73.259585
-73.285058
-73.310180
-73.334953
-73.359383
-73.383474
-73.407229
-73.430652
-73.453748
-73.476520
-73.498973
-73.521109
-73.542934
-73.564449
-73.585660
-73.606569
-73.627181
-73.647498
-73.667524
-73.687263
-73.706718
-73.725891
-73.744787
-73.763408
-73.781758
-73.799840
-73.817656
-73.835211
-73.852506
-73.869544
-73.886330
-73.902864
-73.919151
-73.935192
-73.950992
-73.966551
-73.981873
-73.996961
-74.011817
-74.026444
-74.040843
-74.055018
-74.068971
-74.082704
-74.096219
-74.109519
-74.122606
-74.135482
-74.148150
-74.160611
-74.172868
-74.184923
-74.196777
-74.208433
-74.219893
-74.231158
-74.242231
-74.253113
-74.263807
-74.274313
-74.284634
-74.294772
-74.304728
-74.314504
-74.324101
-74.333522
-74.342767
-74.351839
-74.360739
-74.369468
-74.378027
-74.386419
-74.394645
-74.402706
-74.410603
-74.418338
-74.425911
-74.433326
-74.440581
-74.447680
-74.454623
-74.461410
-74.468044
-74.474526
-74.480856
-74.487035
-74.493065
-74.498947
-74.504681
-74.510269
-74.515712
-74.521009
-74.526164
-74.531175
-74.536044
-74.540773
-74.545361
-74.549809
-74.554118
-74.558290
-74.562324
-74.566221
-74.569982
-74.573608
-74.577099
-74.580455
-74.583678
-74.586768
-74.589726
-74.592551
-74.595244
-74.597806
-74.600238
-74.602539
-74.604710
-74.606752
-74.608664
-74.610448
-74.612102
-74.613629
-74.615027
-74.616298
-74.617440
-74.618456
-74.619344
-74.620105
-74.620739
-74.621246
-74.621626
-74.621879
-74.622006
-74.622006
