-74.632307
-74.632307
-74.632183
-74.631935
-74.631563
-74.631067
-74.630446
-74.629701
-74.628832
-74.627838
-74.626720
-74.625476
-74.624108
-74.622613
-74.620994
-74.619248
-74.617377
-74.615378
-74.613253
-74.611001
-74.608621
-74.606113
-74.603477
-74.600712
-74.597818
-74.594794
-74.591640
-74.588354
-74.584938
-74.581390
-74.577709
-74.573895
-74.569947
-74.565865
-74.561648
-74.557295
-74.552805
-74.548178
-74.543413
-74.538510
-74.533466
-74.528283
-74.522957
-74.517490
-74.511879
-74.506124
-74.500225
-74.494179
-74.487986
-74.481645
-74.475154
-74.468514
-74.461722
-74.454778
-74.447680
-74.440427
-74.433019
-74.425453
-74.417728
-74.409844
-74.401798
-74.393590
-74.385218
-74.376681
-74.367977
-74.359105
-74.350063
-74.340851
-74.331465
-74.321906
-74.312170
-74.302257
-74.292165
-74.281892
-74.271436
-74.260797
-74.249971
-74.238957
-74.227754
-74.216359
-74.204770
-74.192986
-74.181005
-74.168824
-74.156442
-74.143856
-74.131065
-74.118066
-74.104857
-74.091436
-74.077800
-74.063948
-74.049876
-74.035584
-74.021067
-74.006325
-73.991354
-73.976151
-73.960715
-73.945043
-73.929132
-73.912979
-73.896582
-73.879938
-73.863044
-73.845897
-73.828495
-73.810835
-73.792913
-73.774727
-73.756273
-73.737549
-73.718552
-73.699277
-73.679722
-73.659884
-73.639760
-73.619345
-73.598637
-73.577632
-73.556326
-73.534717
-73.512800
-73.490571
-73.468028
-73.445166
-73.421981
-73.398470
-73.374628
-73.350452
-73.325937
-73.301080
-73.275875
-73.250320
-73.224410
-73.198140
-73.171506
-73.144504
-73.117129
-73.089376
-73.061241
-73.032719
-73.003805
-72.974495
-72.944783
-72.914665
-72.884136
-72.853189
-72.821822
-72.790027
-72.757800
-72.725135
-72.692027
-72.658470
-72.624459
-72.589988
-72.555051
-72.519643
-72.483757
-72.447387
-72.410528
-72.373174
-72.335317
-72.296952
-72.258072
-72.218671
-72.178742
-72.138278
-72.097273
-72.055721
-72.013613
-71.970943
-71.927704
-71.883889
-71.839490
-71.794500
-71.748911
-71.702716
-71.655908
-71.608477
-71.560418
-71.511720
-71.462377
-71.412380
-71.361721
-71.310391
-71.258382
-71.205685
-71.152292
-71.098193
-71.043380
-70.987844
-70.931575
-70.874563
-70.816800
-70.758277
-70.698982
-70.638907
-70.578041
-70.516375
-70.453898
-70.390599
-70.326469
-70.261497
-70.195672
-70.128984
-70.061420
-69.992971
-69.923624
-69.853369
-69.782194
-69.710086
-69.637035
-69.563028
-69.488054
-69.412099
-69.335151
-69.257198
-69.178227
-69.098226
-69.017180
-68.935076
-68.851902
-68.767644
-68.682288
-68.595819
-68.508225
-68.419490
-68.329601
-68.238542
-68.146299
-68.052858
-67.958202
-67.862316
-67.765185
-67.666794
-67.567126
-67.466166
-67.363896
-67.260301
-67.155365
-67.049069
-66.941397
-66.832333
-66.721858
-66.609954
-66.496605
-66.381791
-66.265496
-66.147699
-66.028383
-65.907528
-65.785116
-65.661127
-65.535542
-65.408341
-65.279504
-65.149010
-65.016840
-64.882972
-64.747386
-64.610061
-64.470975
-64.330107
-64.187435
-64.042937
-63.896591
-63.748374
-63.598264
-63.446237
-63.292271
-63.136342
-62.978426
-62.818500
-62.656539
-62.492519
-62.326416
-62.158204
-61.987858
-61.815354
-61.640666
-61.463767
-61.284633
-61.103236
-60.919550
-60.733549
-60.545205
-60.354492
-60.161382
-59.965847
-59.767860
-59.567392
-59.364416
-59.158903
-58.950824
-58.740150
-58.526853
-58.310902
-58.092270
-57.870925
-57.646838
-57.419979
-57.190319
-56.957826
-56.722470
-56.484221
-56.243047
-55.998919
-55.751804
-55.501673
-55.248493
-54.992234
-54.732864
-54.470351
-54.204664
-53.935773
-53.663644
-53.388247
-53.109550
-52.827522
-52.542131
-52.253346
-51.961135
-51.665468
-51.366313
-51.063639
-50.757416
-50.447612
-50.134199
-49.817145
-49.496421
-49.171997
-48.843845
-48.511935
-48.176239
-47.836729
-47.493377
-47.146158
-46.795043
-46.440008
-46.081027
-45.718076
-45.351130
-44.980168
-44.605166
-44.226103
-43.842959
-43.455715
-43.064352
-42.668852
-42.269200
-41.865380
-41.457378
-41.045183
-40.628784
-40.208170
-39.783333
-39.354268
-38.920969
-38.483433
-38.041660
-37.595649
-37.145404
-36.690929
-36.232231
-35.769319
-35.302203
-34.830899
-34.355422
-33.875790
-33.392025
-32.904151
-32.412194
-31.916184
-31.416153
-30.912138
-30.404176
-29.892309
-29.376582
-28.857043
-28.333745
-27.806743
-27.276094
-26.741861
-26.204110
-25.662911
-25.118337
-24.570465
-24.019375
-23.465153
-22.907886
-22.347669
-21.784595
-21.218767
-20.650289
-20.079267
-19.505815
-18.930047
-18.352085
-17.772050
-17.190071
-16.606277
-16.020804
-15.433789
-14.845374
-14.255702
-13.664923
-13.073186
-12.480646
-11.887459
-11.293785
-10.699784
-10.105623
-9.511466
-8.917483
-8.323842
-7.730717
-7.138279
-6.546704
-5.956165
-5.366840
-4.778904
-4.192534
-3.607906
-3.025197
-2.444583
-1.866239
-1.290338
-0.717055
-0.146560
0.420976
0.985387
1.546505
2.104169
2.658216
3.208490
3.754835
4.297100
4.835137
5.368802
5.897954
6.422457
6.942179
7.456991
7.966770
8.471397
8.970758
9.464745
9.953252
10.436181
10.913437
11.384931
11.850580
12.310305
12.764034
13.211697
13.653233
14.088585
14.517700
14.940532
15.357039
15.767185
16.170938
16.568274
16.959170
17.343610
17.721583
18.093082
18.458105
18.816654
19.168736
19.514362
19.853546
20.186309
20.512672
20.832664
21.146312
21.453653
21.754722
22.049559
22.338208
22.620716
22.897130
23.167501
23.431885
23.690336
23.942914
24.189678
24.430690
24.666015
24.895718
25.119865
25.338525
25.551769
25.759665
25.962287
26.159706
26.351995
26.539230
26.721483
26.898831
27.071348
27.239110
27.402193
27.560673
27.714625
27.864125
28.009249
28.150072
28.286670
28.419117
28.547487
28.671855
28.792295
28.908878
29.021678
29.130766
29.236213
29.338089
29.436464
29.531406
29.622984
29.711264
29.796313
29.878197
29.956979
30.032722
30.105491
30.175346
30.242347
30.306556
30.368030
30.426827
30.483004
30.536617
30.587721
30.636369
30.682615
30.726510
30.768105
30.807449
30.844593
30.879584
30.912469
30.943294
30.972104
30.998944
31.023856
31.046884
31.068068
31.087449
31.105067
31.120961
31.135169
31.147727
31.158673
31.168042
31.175868
31.182185
31.187027
31.190426
31.192414
31.193020
31.192277
31.190213
31.186857
31.182236
31.176379
31.169313
31.161062
31.151654
31.141112
31.129461
31.116725
31.102927
31.088089
31.072234
31.055382
31.037555
31.018774
30.999058
30.978426
30.956898
30.934492
30.911227
30.887119
30.862185
30.836444
30.809910
30.782599
30.754529
30.725712
30.696165
30.665901
30.634934
30.603279
30.570948
30.537955
30.504312
30.470031
30.435125
30.399605
30.363483
30.326770
30.289477
30.251614
30.213192
30.174221
30.134711
30.094671
30.054111
30.013040
29.971467
29.929401
29.886849
29.843821
29.800325
29.756368
29.711958
29.667102
29.621809
29.576084
29.529935
29.483370
29.436394
29.389014
29.341236
29.293067
29.244512
29.195578
29.146270
29.096595
29.046556
28.996160
28.945413
28.894318
28.842882
28.791109
28.739004
28.686571
28.633815
28.580741
28.527353
28.473655
28.419651
28.365346
28.310743
28.255847
28.200661
28.145188
28.089434
28.033400
27.977091
27.920510
27.863661
27.806546
27.749170
27.691534
27.633642
27.575498
27.517104
27.458463
27.399577
27.340450
27.281085
27.221484
27.161649
27.101584
27.041290
26.980770
26.920027
26.859063
26.797881
26.736482
26.674868
26.613043
26.551008
26.488765
26.426317
26.363665
26.300812
26.237759
26.174508
26.111062
26.047421
25.983589
25.919566
25.855355
25.790957
25.726374
25.661608
25.596660
25.531533
25.466226
25.400743
25.335085
25.269253
25.203248
25.137073
25.070728
25.004216
24.937537
24.870694
24.803686
24.736516
24.669186
24.601695
24.534047
24.466241
24.398280
24.330164
24.261894
24.193473
24.124901
24.056179
23.987309
23.918292
23.849128
23.779819
23.710366
23.640771
23.571034
23.501156
23.431139
23.360983
23.290690
23.220261
23.149696
23.078997
23.008164
22.937200
22.866104
22.794877
22.723522
22.652038
22.580426
22.508688
22.436825
22.364837
22.292725
22.220491
22.148135
22.075658
22.003061
21.930346
21.857512
21.784560
21.711493
21.638310
21.565012
21.491601
21.418077
21.344441
21.270694
21.196837
21.122870
21.048795
20.974612
20.900323
20.825927
20.751427
20.676822
20.602114
20.527304
20.452392
20.377379
20.302266
20.227054
20.151744
20.076337
20.000833
19.925234
19.849539
19.773751
19.697870
19.621897
19.545832
19.469677
19.393432
19.317099
19.240677
19.164169
19.087575
19.010896
18.934132
18.857285
18.780356
18.703345
18.626253
18.549082
18.471832
18.394505
18.317100
18.239620
18.162064
18.084435
18.006733
17.928958
17.851113
17.773198
17.695213
17.617161
17.539042
17.460856
17.382606
17.304293
17.225916
17.147478
17.068979
16.990421
16.911805
16.833131
16.754402
16.675617
16.596779
16.517889
16.438947
16.359955
16.280914
16.201826
16.122692
16.043512
15.964289
15.885023
15.805717
15.726370
15.646986
15.567564
15.488107
15.408616
15.329092
15.249537
15.169953
15.090340
15.010701
14.931037
14.851349
14.771640
14.691910
14.612162
14.532397
14.452617
14.372824
14.293019
14.213204
14.133381
14.053551
13.973718
13.893882
13.814046
13.734211
13.654379
13.574553
13.494735
13.414926
13.335129
13.255346
13.175579
13.095830
13.016102
12.936396
12.856716
12.777063
12.697440
12.617850
12.538294
12.458776
12.379297
12.299861
12.220470
12.141127
12.061834
11.982595
11.903411
11.824287
11.745224
11.666225
11.587295
11.508435
11.429649
11.350939
11.272310
11.193763
11.115303
11.036933
10.958656
10.880476
10.802395
10.724418
10.646547
10.568788
10.491142
10.413615
10.336209
10.258929
10.181778
10.104760
10.027880
9.951142
9.874548
9.798105
9.721815
9.645684
9.569715
9.493913
9.418282
9.342827
9.267553
9.192464
9.117565
9.042860
8.968355
8.894055
8.819963
8.746087
8.672429
8.598997
8.525794
8.452827
8.380100
8.307620
8.235391
8.163420
8.091712
8.020272
7.949107
7.878222
7.807623
7.737317
7.667310
7.597607
7.528215
7.459141
7.390390
7.321970
7.253886
7.186146
7.118757
7.051724
6.985055
6.918758
6.852838
6.787304
6.722161
6.657419
6.593084
6.529163
6.465664
6.402595
6.339964
6.277778
6.216045
6.154774
6.093972
6.033647
5.973808
5.914463
5.855621
5.797290
5.739479
5.682196
5.625450
5.569250
5.513605
5.458525
5.404017
5.350093
5.296760
5.244029
5.191909
5.140409
5.089540
5.039310
4.989731
4.940813
4.892564
4.844996
4.798119
4.751943
4.706479
4.661738
4.617729
4.574465
4.531956
4.490213
4.449247
4.409070
4.369693
4.331127
4.293384
4.256476
4.220414
4.185211
4.150878
4.117428
4.084872
4.053225
4.022497
3.992701
3.963851
3.935959
3.909038
3.883102
3.858163
3.834235
3.811331
3.789466
3.768653
3.748906
3.730239
3.712666
3.696202
3.680861
3.666659
3.653609
3.641727
3.631029
3.621529
3.613243
3.606187
3.600376
3.595828
3.592557
3.590582
3.589918
3.590582
3.592557
3.595828
3.600376
3.606187
3.613243
3.621529
3.631029
3.641727
3.653609
3.666659
3.680861
3.696202
3.712666
3.730239
3.748906
3.768653
3.789466
3.811331
3.834235
3.858163
3.883102
3.909038
3.935959
3.963851
3.992701
4.022497
4.053225
4.084872
4.117428
4.150878
4.185211
4.220414
4.256476
4.293384
4.331127
4.369693
4.409070
4.449247
4.490213
4.531956
4.574465
4.617729
4.661738
4.706479
4.751943
4.798119
4.844996
4.892564
4.940813
4.989731
5.039310
5.089540
5.140409
5.191909
5.244029
5.296760
5.350093
5.404017
5.458525
5.513605
5.569250
5.625450
5.682196
5.739479
5.797290
5.855621
5.914463
5.973808
6.033647
6.093972
6.154774
6.216045
6.277778
6.339964
6.402595
6.465664
6.529163
6.593084
6.657419
6.722161
6.787304
6.852838
6.918758
6.985055
7.051724
7.118757
7.186146
7.253886
7.321970
7.390390
7.459141
7.528215
7.597607
7.667310
7.737317
7.807623
7.878222
7.949107
8.020272
8.091712
8.163420
8.235391
8.307620
8.380100
8.452827
8.525794
8.598997
8.672429
8.746087
8.819963
8.894055
8.968355
9.042860
9.117565
9.192464
9.267553
9.342827
9.418282
9.493913
9.569715
9.645684
9.721815
9.798105
9.874548
9.951142
10.027880
10.104760
10.181778
10.258929
10.336209
10.413615
10.491142
10.568788
10.646547
10.724418
10.802395
10.880476
10.958656
11.036933
11.115303
11.193763
11.272310
11.350939
11.429649
11.508435
11.587295
11.666225
11.745224
11.824287
11.903411
11.982595
12.061834
12.141127
12.220470
12.299861
12.379297
12.458776
12.538294
12.617850
12.697440
12.777063
12.856716
12.936396
13.016102
13.095830
13.175579
13.255346
13.335129
13.414926
13.494735
13.574553
13.654379
13.734211
13.814046
13.893882
13.973718
14.053551
14.133381
14.213204
14.293019
14.372824
14.452617
14.532397
14.612162
14.691910
14.771640
14.851349
14.931037
15.010701
15.090340
15.169953
15.249537
15.329092
15.408616
15.488107
15.567564
15.646986
15.726370
15.805717
15.885023
15.964289
16.043512
16.122692
16.201826
16.280914
16.359955
16.438947
16.517889
16.596779
16.675617
16.754402
16.833131
16.911805
16.990421
17.068979
17.147478
17.225916
17.304293
17.382606
17.460856
17.539042
17.617161
17.695213
17.773198
17.851113
17.928958
18.006733
18.084435
18.162064
18.239620
18.317100
18.394505
18.471832
18.549082
18.626253
18.703345
18.780356
18.857285
18.934132
19.010896
19.087575
19.164169
19.240677
19.317099
19.393432
19.469677
19.545832
19.621897
19.697870
19.773751
19.849539
19.925234
20.000833
20.076337
20.151744
20.227054
20.302266
20.377379
20.452392
20.527304
20.602114
20.676822
20.751427
20.825927
20.900323
20.974612
21.048795
21.122870
21.196837
21.270694
21.344441
21.418077
21.491601
21.565012
21.638310
21.711493
21.784560
21.857512
21.930346
22.003061
22.075658
22.148135
22.220491
22.292725
22.364837
22.436825
22.508688
22.580426
22.652038
22.723522
22.794877
22.866104
22.937200
23.008164
23.078997
23.149696
23.220261
23.290690
23.360983
23.431139
23.501156
23.571034
23.640771
23.710366
23.779819
23.849128
23.918292
23.987309
24.056179
24.124901
24.193473
24.261894
24.330164
24.398280
24.466241
24.534047
24.601695
24.669186
24.736516
24.803686
24.870694
24.937537
25.004216
25.070728
25.137073
25.203248
25.269253
25.335085
25.400743
25.466226
25.531533
25.596660
25.661608
25.726374
25.790957
25.855355
25.919566
25.983589
26.047421
26.111062
26.174508
26.237759
26.300812
26.363665
26.426317
26.488765
26.551008
26.613043
26.674868
26.736482
26.797881
26.859063
26.920027
26.980770
27.041290
27.101584
27.161649
27.221484
27.281085
27.340450
27.399577
27.458463
27.517104
27.575498
27.633642
27.691534
27.749170
27.806546
27.863661
27.920510
27.977091
28.033400
28.089434
28.145188
28.200661
28.255847
28.310743
28.365346
28.419651
28.473655
28.527353
28.580741
28.633815
28.686571
28.739004
28.791109
28.842882
28.894318
28.945413
28.996160
29.046556
29.096595
29.146270
29.195578
29.244512
29.293067
29.341236
29.389014
29.436394
29.483370
29.529935
29.576084
29.621809
29.667102
29.711958
29.756368
29.800325
29.843821
29.886849
29.929401
29.971467
30.013040
30.054111
30.094671
30.134711
30.174221
30.213192
30.251614
30.289477
30.326770
30.363483
30.399605
30.435125
30.470031
30.504312
30.537955
30.570948
30.603279
30.634934
30.665901
30.696165
30.725712
30.754529
30.782599
30.809910
30.836444
30.862185
30.887119
30.911227
30.934492
30.956898
30.978426
30.999058
31.018774
31.037555
31.055382
31.072234
31.088089
31.102927
31.116725
31.129461
31.141112
31.151654
31.161062
31.169313
31.176379
31.182236
31.186857
31.190213
31.192277
31.193020
31.192414
31.190426
31.187027
31.182185
31.175868
31.168042
31.158673
31.147727
31.135169
31.120961
31.105067
31.087449
31.068068
31.046884
31.023856
30.998944
30.972104
30.943294
30.912469
30.879584
30.844593
30.807449
30.768105
30.726510
30.682615
30.636369
30.587721
30.536617
30.483004
30.426827
30.368030
30.306556
30.242347
30.175346
30.105491
30.032722
29.956979
29.878197
29.796313
29.711264
29.622984
29.531406
29.436464
29.338089
29.236213
29.130766
29.021678
28.908878
28.792295
28.671855
28.547487
28.419117
28.286670
28.150072
28.009249
27.864125
27.714625
27.560673
27.402193
27.239110
27.071348
26.898831
26.721483
26.539230
26.351995
26.159706
25.962287
25.759665
25.551769
25.338525
25.119865
24.895718
24.666015
24.430690
24.189678
23.942914
23.690336
23.431885
23.167501
22.897130
22.620716
22.338208
22.049559
21.754722
21.453653
21.146312
20.832664
20.512672
20.186309
19.853546
19.514362
19.168736
18.816654
18.458105
18.093082
17.721583
17.343610
16.959170
16.568274
16.170938
15.767185
15.357039
14.940532
14.517700
14.088585
13.653233
13.211697
12.764034
12.310305
11.850580
11.384931
10.913437
10.436181
9.953252
9.464745
8.970758
8.471397
7.966770
7.456991
6.942179
6.422457
5.897954
5.368802
4.835137
4.297100
3.754835
3.208490
2.658216
2.104169
1.546505
0.985387
0.420976
-0.146560
-0.717055
-1.290338
-1.866239
-2.444583
-3.025197
-3.607906
-4.192534
-4.778904
-5.366840
-5.956165
-6.546704
-7.138279
-7.730717
-8.323842
-8.917483
-9.511466
-10.105623
-10.699784
-11.293785
-11.887459
-12.480646
-13.073186
-13.664923
-14.255702
-14.845374
-15.433789
-16.020804
-16.606277
-17.190071
-17.772050
-18.352085
-18.930047
-19.505815
-20.079267
-20.650289
-21.218767
-21.784595
-22.347669
-22.907886
-23.465153
-24.019375
-24.570465
-25.118337
-25.662911
-26.204110
-26.741861
-27.276094
-27.806743
-28.333745
-28.857043
-29.376582
-29.892309
-30.404176
-30.912138
-31.416153
-31.916184
-32.412194
-32.904151
-33.392025
-33.875790
-34.355422
-34.830899
-35.302203
-35.769319
-36.232231
-36.690929
-37.145404
-37.595649
-38.041660
-38.483433
-38.920969
-39.354268
-39.783333
-40.208170
-40.628784
-41.045183
-41.457378
-41.865380
-42.269200
-42.668852
-43.064352
-43.455715
-43.842959
-44.226103
-44.605166
-44.980168
-45.351130
-45.718076
-46.081027
-46.440008
-46.795043
-47.146158
-47.493377
-47.836729
-48.176239
-48.511935
-48.843845
-49.171997
-49.496421
-49.817145
-50.134199
-50.447612
-50.757416
-51.063639
-51.366313
-51.665468
-51.961135
-52.253346
-52.542131
-52.827522
-53.109550
-53.388247
-53.663644
-53.935773
-54.204664
-54.470351
-54.732864
-54.992234
-55.248493
-55.501673
-55.751804
-55.998919
-56.243047
-56.484221
-56.722470
-56.957826
-57.190319
-57.419979
-57.646838
-57.870925
-58.092270
-58.310902
-58.526853
-58.740150
-58.950824
-59.158903
-59.364416
-59.567392
-59.767860
-59.965847
-60.161382
-60.354492
-60.545205
-60.733549
-60.919550
-61.103236
-61.284633
-61.463767
-61.640666
-61.815354
-61.987858
-62.158204
-62.326416
-62.492519
-62.656539
-62.818500
-62.978426
-63.136342
-63.292271
-63.446237
-63.598264
-63.748374
-63.896591
-64.042937
-64.187435
-64.330107
-64.470975
-64.610061
-64.747386
-64.882972
-65.016840
-65.149010
-65.279504
-65.408341
-65.535542
-65.661127
-65.785116
-65.907528
-66.028383
-66.147699
-66.265496
-66.381791
-66.496605
-66.609954
-66.721858
-66.832333
-66.941397
-67.049069
-67.155365
-67.260301
-67.363896
-67.466166
-67.567126
-67.666794
-67.765185
-67.862316
-67.958202
-68.052858
-68.146299
-68.238542
-68.329601
-68.419490
-68.508225
-68.595819
-68.682288
-68.767644
-68.851902
-68.935076
-69.017180
-69.098226
-69.178227
-69.257198
-69.335151
-69.412099
-69.488054
-69.563028
-69.637035
-69.710086
-69.782194
-69.853369
-69.923624
-69.992971
-70.061420
-70.128984
-70.195672
-70.261497
-70.326469
-70.390599
-70.453898
-70.516375
-70.578041
-70.638907
-70.698982
-70.758277
-70.816800
-70.874563
-70.931575
-70.987844
-71.043380
-71.098193
-71.152292
-71.205685
-71.258382
-71.310391
-71.361721
-71.412380
-71.462377
-71.511720
-71.560418
-71.608477
-71.655908
-71.702716
-71.748911
-71.794500
-71.839490
-71.883889
-71.927704
-71.970943
-72.013613
-72.055721
-72.097273
-72.138278
-72.178742
-72.218671
-72.258072
-72.296952
-72.335317
-72.373174
-72.410528
-72.447387
-72.483757
-72.519643
-72.555051
-72.589988
-72.624459
-72.658470
-72.692027
-72.725135
-72.757800
-72.790027
-72.821822
-72.853189
-72.884136
-72.914665
-72.944783
-72.974495
-73.003805
-73.032719
-73.061241
-73.089376
-73.117129
-73.144504
-73.171506
-73.198140
-73.224410
-73.250320
-73.275875
-73.301080
-73.325937
-73.350452
-73.374628
-73.398470
-73.421981
-73.445166
-73.468028
-73.490571
-73.512800
-73.534717
-73.556326
-73.577632
-73.598637
-73.619345
-73.639760
-73.659884
-73.679722
-73.699277
-73.718552
-73.737549
-73.756273
-73.774727
-73.792913
-73.810835
-73.828495
-73.845897
-73.863044
-73.879938
-73.896582
-73.912979
-73.929132
-73.945043
-73.960715
-73.976151
-73.991354
-74.006325
-74.021067
-74.035584
-74.049876
-74.063948
-74.077800
-74.091436
-74.104857
-74.118066
-74.131065
-74.143856
-74.156442
-74.168824
-74.181005
-74.192986
-74.204770
-74.216359
-74.227754
-74.238957
-74.249971
-74.260797
-74.271436
-74.281892
-74.292165
-74.302257
-74.312170
-74.321906
-74.331465
-74.340851
-74.350063
-74.359105
-74.367977
-74.376681
-74.385218
-74.393590
-74.401798
-74.409844
-74.417728
-74.425453
-74.433019
-74.440427
-74.447680
-74.454778
-74.461722
-74.468514
-74.475154
-74.481645
-74.487986
-74.494179
-74.500225
-74.506124
-74.511879
-74.517490
-74.522957
-74.528283
-74.533466
-74.538510
-74.543413
-74.548178
-74.552805
-74.557295
-74.561648
-74.565865
-74.569947
-74.573895
-74.577709
-74.581390
-74.584938
-74.588354
-74.591640
-74.594794
-74.597818
-74.600712
-74.603477
-74.606113
-74.608621
-74.611001
-74.613253
-74.615378
-74.617377
-74.619248
-74.620994
-74.622613
-74.624108
-74.625476
-74.626720
-74.627838
-74.628832
-74.629701
-74.630446
-74.631067
-74.631563
-74.631935
-74.632183
-74.632307
-74.632307
