-74.623971
-74.623971
-74.623845
-74.623592
-74.623213
-74.622708
-74.622076
-74.621317
-74.620431
-74.619419
-74.618279
-74.617012
-74.615618
-74.614095
-74.612445
-74.610667
-74.608760
-74.606724
-74.604559
-74.602264
-74.599839
-74.597284
-74.594598
-74.591780
-74.588831
-74.585750
-74.582536
-74.579189
-74.575707
-74.572092
-74.568341
-74.564454
-74.560432
-74.556272
-74.551974
-74.547538
-74.542963
-74.538248
-74.533392
-74.528394
-74.523255
-74.517971
-74.512544
-74.506972
-74.501253
-74.495388
-74.489374
-74.483212
-74.476900
-74.470436
-74.463820
-74.457052
-74.450128
-74.443049
-74.435814
-74.428420
-74.420867
-74.413154
-74.405278
-74.397240
-74.389037
-74.380668
-74.372133
-74.363428
-74.354553
-74.345506
-74.336287
-74.326892
-74.317321
-74.307572
-74.297644
-74.287534
-74.277242
-74.266765
-74.256101
-74.245249
-74.234207
-74.222973
-74.211545
-74.199921
-74.188100
-74.176079
-74.163856
-74.151429
-74.138797
-74.125956
-74.112905
-74.099642
-74.086164
-74.072469
-74.058556
-74.044420
-74.030061
-74.015475
-74.000660
-73.985614
-73.970334
-73.954818
-73.939063
-73.923066
-73.906824
-73.890336
-73.873597
-73.856606
-73.839359
-73.821853
-73.804087
-73.786055
-73.767756
-73.749187
-73.730343
-73.711223
-73.691823
-73.672139
-73.652168
-73.631908
-73.611353
-73.590502
-73.569350
-73.547895
-73.526131
-73.504056
-73.481666
-73.458957
-73.435925
-73.412567
-73.388878
-73.364855
-73.340493
-73.315788
-73.290737
-73.265334
-73.239576
-73.213458
-73.186976
-73.160126
-73.132902
-73.105301
-73.077317
-73.048946
-73.020183
-72.991024
-72.961463
-72.931495
-72.901115
-72.870319
-72.839101
-72.807455
-72.775377
-72.742861
-72.709901
-72.676492
-72.642629
-72.608305
-72.573515
-72.538254
-72.502514
-72.466290
-72.429576
-72.392366
-72.354653
-72.316432
-72.277695
-72.238436
-72.198649
-72.158327
-72.117463
-72.076050
-72.034082
-71.991551
-71.948450
-71.904771
-71.860509
-71.815654
-71.770200
-71.724139
-71.677463
-71.630164
-71.582235
-71.533667
-71.484452
-71.434583
-71.384050
-71.332845
-71.280960
-71.228386
-71.175114
-71.121135
-71.066440
-71.011021
-70.954867
-70.897969
-70.840319
-70.781906
-70.722720
-70.662752
-70.601991
-70.540428
-70.478053
-70.414854
-70.350821
-70.285945
-70.220213
-70.153615
-70.086140
-70.017777
-69.948515
-69.878341
-69.807244
-69.735213
-69.662235
-69.588299
-69.513392
-69.437502
-69.360616
-69.282722
-69.203807
-69.123857
-69.042860
-68.960803
-68.877671
-68.793451
-68.708129
-68.621692
-68.534124
-68.445412
-68.355542
-68.264498
-68.172266
-68.078830
-67.984175
-67.888286
-67.791148
-67.692744
-67.593058
-67.492075
-67.389778
-67.286149
-67.181174
-67.074834
-66.967113
-66.857992
-66.747455
-66.635484
-66.522061
-66.407167
-66.290784
-66.172894
-66.053477
-65.932515
-65.809989
-65.685878
-65.560164
-65.432826
-65.303845
-65.173199
-65.040868
-64.906832
-64.771069
-64.633559
-64.494279
-64.353208
-64.210324
-64.065604
-63.919027
-63.770570
-63.620209
-63.467922
-63.313685
-63.157474
-62.999267
-62.839038
-62.676763
-62.512419
-62.345979
-62.177419
-62.006714
-61.833838
-61.658765
-61.481469
-61.301925
-61.120105
-60.935984
-60.749533
-60.560726
-60.369536
-60.175934
-59.979894
-59.781386
-59.580384
-59.376857
-59.170778
-58.962117
-58.750846
-58.536935
-58.320355
-58.101076
-57.879067
-57.654300
-57.426743
-57.196367
-56.963141
-56.727033
-56.488014
-56.246052
-56.001116
-55.753174
-55.502197
-55.248151
-54.991006
-54.730730
-54.467291
-54.200658
-53.930798
-53.657681
-53.381274
-53.101546
-52.818464
-52.531998
-52.242116
-51.948786
-51.651977
-51.351657
-51.047796
-50.740363
-50.429327
-50.114657
-49.796324
-49.474297
-49.148546
-48.819044
-48.485760
-48.148667
-47.807736
-47.462940
-47.114251
-46.761645
-46.405094
-46.044574
-45.680060
-45.311529
-44.938957
-44.562323
-44.181606
-43.796785
-43.407842
-43.014757
-42.617514
-42.216098
-41.810493
-41.400687
-40.986667
-40.568423
-40.145946
-39.719228
-39.288264
-38.853050
-38.413583
-37.969863
-37.521892
-37.069672
-36.613210
-36.152514
-35.687593
-35.218460
-34.745130
-34.267620
-33.785949
-33.300142
-32.810222
-32.316218
-31.818161
-31.316086
-30.810028
-30.300030
-29.786133
-29.268385
-28.746837
-28.221541
-27.692554
-27.159938
-26.623757
-26.084079
-25.540974
-24.994520
-24.444794
-23.891881
-23.335867
-22.776843
-22.214904
-21.650149
-21.082680
-20.512603
-19.940030
-19.365074
-18.787854
-18.208492
-17.627113
-17.043847
-16.458827
-15.872189
-15.284073
-14.694623
-14.103986
-13.512311
-12.919751
-12.326462
-11.732602
-11.138332
-10.543815
-9.949217
-9.354705
-8.760450
-8.166621
-7.573393
-6.980937
-6.389430
-5.799047
-5.209964
-4.622357
-4.036404
-3.452280
-2.870162
-2.290225
-1.712644
-1.137592
-0.565241
0.004239
0.570677
1.133910
1.693771
2.250099
2.802735
3.351524
3.896313
4.436952
4.973296
5.505203
6.032534
6.555156
7.072939
7.585758
8.093492
8.596026
9.093247
9.585051
10.071336
10.552004
11.026967
11.496137
11.959433
12.416782
12.868111
13.313357
13.752460
14.185366
14.612026
15.032395
15.446436
15.854115
16.255403
16.650277
17.038718
17.420713
17.796252
18.165332
18.527951
18.884116
19.233833
19.577117
19.913984
20.244456
20.568556
20.886313
21.197759
21.502929
21.801861
22.094597
22.381180
22.661658
22.936081
23.204500
23.466971
23.723549
23.974295
24.219267
24.458530
24.692147
24.920185
25.142709
25.359789
25.571494
25.777894
25.979063
26.175071
26.365991
26.551899
26.732867
26.908970
27.080284
27.246883
27.408843
27.566239
27.719146
27.867640
28.011796
28.151688
28.287391
28.418980
28.546528
28.670108
28.789793
28.905656
29.017768
29.126199
29.231021
29.332303
29.430113
29.524519
29.615590
29.703391
29.787987
29.869443
29.947824
30.023191
30.095607
30.165133
30.231828
30.295752
30.356963
30.415518
30.471473
30.524883
30.575802
30.624284
30.670381
30.714145
30.755624
30.794870
30.831929
30.866851
30.899680
30.930464
30.959245
30.986069
31.010978
31.034014
31.055217
31.074629
31.092287
31.108232
31.122500
31.135128
31.146152
31.155607
31.163528
31.169948
31.174900
31.178416
31.180527
31.181264
31.180657
31.178735
31.175527
31.171060
31.165361
31.158458
31.150375
31.141139
31.130774
31.119303
31.106751
31.093141
31.078494
31.062833
31.046179
31.028553
31.009974
30.990463
30.970040
30.948722
30.926528
30.903476
30.879584
30.854869
30.829346
30.803034
30.775946
30.748099
30.719507
30.690186
30.660149
30.629410
30.597984
30.565883
30.533120
30.499708
30.465659
30.430985
30.395698
30.359810
30.323330
30.286271
30.248642
30.210455
30.171718
30.132443
30.092638
30.052313
30.011477
29.970139
29.928307
29.885991
29.843198
29.799936
29.756213
29.712037
29.667416
29.622356
29.576866
29.530951
29.484618
29.437875
29.390728
29.343182
29.295245
29.246923
29.198220
29.149143
29.099698
29.049890
28.999725
28.949207
28.898342
28.847134
28.795589
28.743712
28.691507
28.638979
28.586131
28.532970
28.479498
28.425720
28.371640
28.317262
28.262590
28.207628
28.152379
28.096848
28.041037
27.984951
27.928592
27.871964
27.815070
27.757914
27.700499
27.642827
27.584902
27.526727
27.468304
27.409637
27.350728
27.291580
27.232196
27.172578
27.112729
27.052651
26.992347
26.931819
26.871069
26.810101
26.748916
26.687516
26.625904
26.564082
26.502051
26.439815
26.377375
26.314732
26.251890
26.188850
26.125614
26.062183
25.998560
25.934747
25.870744
25.806555
25.742180
25.677621
25.612880
25.547959
25.482860
25.417583
25.352130
25.286503
25.220704
25.154733
25.088593
25.022285
24.955810
24.889169
24.822365
24.755398
24.688269
24.620981
24.553534
24.485929
24.418169
24.350253
24.282184
24.213963
24.145590
24.077067
24.008396
23.939577
23.870611
23.801500
23.732244
23.662846
23.593305
23.523623
23.453802
23.383841
23.313743
23.243508
23.173137
23.102632
23.031993
22.961221
22.890317
22.819283
22.748119
22.676826
22.605405
22.533858
22.462184
22.390386
22.318463
22.246417
22.174249
22.101960
22.029550
21.957021
21.884373
21.811607
21.738725
21.665727
21.592613
21.519385
21.446044
21.372591
21.299025
21.225349
21.151563
21.077668
21.003665
20.929555
20.855338
20.781015
20.706587
20.632056
20.557421
20.482684
20.407846
20.332907
20.257868
20.182730
20.107495
20.032162
19.956732
19.881207
19.805587
19.729874
19.654067
19.578169
19.502178
19.426098
19.349928
19.273669
19.197323
19.120889
19.044369
18.967764
18.891075
18.814303
18.737447
18.660510
18.583493
18.506395
18.429219
18.351965
18.274633
18.197226
18.119743
18.042186
17.964556
17.886853
17.809079
17.731235
17.653322
17.575340
17.497291
17.419175
17.340994
17.262749
17.184441
17.106071
17.027640
16.949148
16.870598
16.791991
16.713326
16.634607
16.555833
16.477005
16.398126
16.319197
16.240217
16.161190
16.082115
16.002995
15.923830
15.844622
15.765372
15.686081
15.606751
15.527384
15.447980
15.368541
15.289068
15.209563
15.130028
15.050463
14.970871
14.891252
14.811609
14.731943
14.652255
14.572548
14.492823
14.413081
14.333324
14.253554
14.173773
14.093983
14.014185
13.934381
13.854573
13.774763
13.694953
13.615145
13.535340
13.455542
13.375751
13.295970
13.216201
13.136446
13.056708
12.976988
12.897289
12.817614
12.737963
12.658341
12.578748
12.499188
12.419664
12.340176
12.260729
12.181325
12.101966
12.022655
11.943394
11.864187
11.785037
11.705945
11.626915
11.547950
11.469053
11.390227
11.311474
11.232799
11.154204
11.075692
10.997266
10.918931
10.840689
10.762543
10.684497
10.606555
10.528720
10.450996
10.373386
10.295894
10.218524
10.141280
10.064165
9.987183
9.910339
9.833637
9.757080
9.680672
9.604419
9.528324
9.452391
9.376626
9.301032
9.225613
9.150376
9.075323
9.000460
8.925792
8.851324
8.777060
8.703005
8.629165
8.555544
8.482148
8.408982
8.336051
8.263360
8.190916
8.118724
8.046788
7.975116
7.903712
7.832583
7.761734
7.691171
7.620901
7.550929
7.481261
7.411905
7.342865
7.274150
7.205764
7.137715
7.070010
7.002655
6.935656
6.869022
6.802758
6.736872
6.671371
6.606262
6.541553
6.477250
6.413362
6.349896
6.286860
6.224260
6.162106
6.100405
6.039165
5.978394
5.918100
5.858292
5.798977
5.740165
5.681864
5.624082
5.566828
5.510111
5.453940
5.398323
5.343270
5.288791
5.234894
5.181588
5.128883
5.076789
5.025315
4.974472
4.924268
4.874714
4.825819
4.777595
4.730050
4.683197
4.637044
4.591602
4.546883
4.502896
4.459654
4.417165
4.375443
4.334497
4.294339
4.254981
4.216434
4.178709
4.141818
4.105774
4.070587
4.036271
4.002836
3.970296
3.938663
3.907950
3.878168
3.849331
3.821451
3.794543
3.768618
3.743690
3.719772
3.696878
3.675022
3.654218
3.634479
3.615819
3.598253
3.581795
3.566460
3.552262
3.539216
3.527338
3.516642
3.507143
3.498859
3.491803
3.485992
3.481442
3.478170
3.476191
3.475523
3.476191
3.478170
3.481442
3.485992
3.491803
3.498859
3.507143
3.516642
3.527338
3.539216
3.552262
3.566460
3.581795
3.598253
3.615819
3.634479
3.654218
3.675022
3.696878
3.719772
3.743690
3.768618
3.794543
3.821451
3.849331
3.878168
3.907950
3.938663
3.970296
4.002836
4.036271
4.070587
4.105774
4.141818
4.178709
4.216434
4.254981
4.294339
4.334497
4.375443
4.417165
4.459654
4.502896
4.546883
4.591602
4.637044
4.683197
4.730050
4.777595
4.825819
4.874714
4.924268
4.974472
5.025315
5.076789
5.128883
5.181588
5.234894
5.288791
5.343270
5.398323
5.453940
5.510111
5.566828
5.624082
5.681864
5.740165
5.798977
5.858292
5.918100
5.978394
6.039165
6.100405
6.162106
6.224260
6.286860
6.349896
6.413362
6.477250
6.541553
6.606262
6.671371
6.736872
6.802758
6.869022
6.935656
7.002655
7.070010
7.137715
7.205764
7.274150
7.342865
7.411905
7.481261
7.550929
7.620901
7.691171
7.761734
7.832583
7.903712
7.975116
8.046788
8.118724
8.190916
8.263360
8.336051
8.408982
8.482148
8.555544
8.629165
8.703005
8.777060
8.851324
8.925792
9.000460
9.075323
9.150376
9.225613
9.301032
9.376626
9.452391
9.528324
9.604419
9.680672
9.757080
9.833637
9.910339
9.987183
10.064165
10.141280
10.218524
10.295894
10.373386
10.450996
10.528720
10.606555
10.684497
10.762543
10.840689
10.918931
10.997266
11.075692
11.154204
11.232799
11.311474
11.390227
11.469053
11.547950
11.626915
11.705945
11.785037
11.864187
11.943394
12.022655
12.101966
12.181325
12.260729
12.340176
12.419664
12.499188
12.578748
12.658341
12.737963
12.817614
12.897289
12.976988
13.056708
13.136446
13.216201
13.295970
13.375751
13.455542
13.535340
13.615145
13.694953
13.774763
13.854573
13.934381
14.014185
14.093983
14.173773
14.253554
14.333324
14.413081
14.492823
14.572548
14.652255
14.731943
14.811609
14.891252
14.970871
15.050463
15.130028
15.209563
15.289068
15.368541
15.447980
15.527384
15.606751
15.686081
15.765372
15.844622
15.923830
16.002995
16.082115
16.161190
16.240217
16.319197
16.398126
16.477005
16.555833
16.634607
16.713326
16.791991
16.870598
16.949148
17.027640
17.106071
17.184441
17.262749
17.340994
17.419175
17.497291
17.575340
17.653322
17.731235
17.809079
17.886853
17.964556
18.042186
18.119743
18.197226
18.274633
18.351965
18.429219
18.506395
18.583493
18.660510
18.737447
18.814303
18.891075
18.967764
19.044369
19.120889
19.197323
19.273669
19.349928
19.426098
19.502178
19.578169
19.654067
19.729874
19.805587
19.881207
19.956732
20.032162
20.107495
20.182730
20.257868
20.332907
20.407846
20.482684
20.557421
20.632056
20.706587
20.781015
20.855338
20.929555
21.003665
21.077668
21.151563
21.225349
21.299025
21.372591
21.446044
21.519385
21.592613
21.665727
21.738725
21.811607
21.884373
21.957021
22.029550
22.101960
22.174249
22.246417
22.318463
22.390386
22.462184
22.533858
22.605405
22.676826
22.748119
22.819283
22.890317
22.961221
23.031993
23.102632
23.173137
23.243508
23.313743
23.383841
23.453802
23.523623
23.593305
23.662846
23.732244
23.801500
23.870611
23.939577
24.008396
24.077067
24.145590
24.213963
24.282184
24.350253
24.418169
24.485929
24.553534
24.620981
24.688269
24.755398
24.822365
24.889169
24.955810
25.022285
25.088593
25.154733
25.220704
25.286503
25.352130
25.417583
25.482860
25.547959
25.612880
25.677621
25.742180
25.806555
25.870744
25.934747
25.998560
26.062183
26.125614
26.188850
26.251890
26.314732
26.377375
26.439815
26.502051
26.564082
26.625904
26.687516
26.748916
26.810101
26.871069
26.931819
26.992347
27.052651
27.112729
27.172578
27.232196
27.291580
27.350728
27.409637
27.468304
27.526727
27.584902
27.642827
27.700499
27.757914
27.815070
27.871964
27.928592
27.984951
28.041037
28.096848
28.152379
28.207628
28.262590
28.317262
28.371640
28.425720
28.479498
28.532970
28.586131
28.638979
28.691507
28.743712
28.795589
28.847134
28.898342
28.949207
28.999725
29.049890
29.099698
29.149143
29.198220
29.246923
29.295245
29.343182
29.390728
29.437875
29.484618
29.530951
29.576866
29.622356
29.667416
29.712037
29.756213
29.799936
29.843198
29.885991
29.928307
29.970139
30.011477
30.052313
30.092638
30.132443
30.171718
30.210455
30.248642
30.286271
30.323330
30.359810
30.395698
30.430985
30.465659
30.499708
30.533120
30.565883
30.597984
30.629410
30.660149
30.690186
30.719507
30.748099
30.775946
30.803034
30.829346
30.854869
30.879584
30.903476
30.926528
30.948722
30.970040
30.990463
31.009974
31.028553
31.046179
31.062833
31.078494
31.093141
31.106751
31.119303
31.130774
31.141139
31.150375
31.158458
31.165361
31.171060
31.175527
31.178735
31.180657
31.181264
31.180527
31.178416
31.174900
31.169948
31.163528
31.155607
31.146152
31.135128
31.122500
31.108232
31.092287
31.074629
31.055217
31.034014
31.010978
30.986069
30.959245
30.930464
30.899680
30.866851
30.831929
30.794870
30.755624
30.714145
30.670381
30.624284
30.575802
30.524883
30.471473
30.415518
30.356963
30.295752
30.231828
30.165133
30.095607
30.023191
29.947824
29.869443
29.787987
29.703391
29.615590
29.524519
29.430113
29.332303
29.231021
29.126199
29.017768
28.905656
28.789793
28.670108
28.546528
28.418980
28.287391
28.151688
28.011796
27.867640
27.719146
27.566239
27.408843
27.246883
27.080284
26.908970
26.732867
26.551899
26.365991
26.175071
25.979063
25.777894
25.571494
25.359789
25.142709
24.920185
24.692147
24.458530
24.219267
23.974295
23.723549
23.466971
23.204500
22.936081
22.661658
22.381180
22.094597
21.801861
21.502929
21.197759
20.886313
20.568556
20.244456
19.913984
19.577117
19.233833
18.884116
18.527951
18.165332
17.796252
17.420713
17.038718
16.650277
16.255403
15.854115
15.446436
15.032395
14.612026
14.185366
13.752460
13.313357
12.868111
12.416782
11.959433
11.496137
11.026967
10.552004
10.071336
9.585051
9.093247
8.596026
8.093492
7.585758
7.072939
6.555156
6.032534
5.505203
4.973296
4.436952
3.896313
3.351524
2.802735
2.250099
1.693771
1.133910
0.570677
0.004239
-0.565241
-1.137592
-1.712644
-2.290225
-2.870162
-3.452280
-4.036404
-4.622357
-5.209964
-5.799047
-6.389430
-6.980937
-7.573393
-8.166621
-8.760450
-9.354705
-9.949217
-10.543815
-11.138332
-11.732602
-12.326462
-12.919751
-13.512311
-14.103986
-14.694623
-15.284073
-15.872189
-16.458827
-17.043847
-17.627113
-18.208492
-18.787854
-19.365074
-19.940030
-20.512603
-21.082680
-21.650149
-22.214904
-22.776843
-23.335867
-23.891881
-24.444794
-24.994520
-25.540974
-26.084079
-26.623757
-27.159938
-27.692554
-28.221541
-28.746837
-29.268385
-29.786133
-30.300030
-30.810028
-31.316086
-31.818161
-32.316218
-32.810222
-33.300142
-33.785949
-34.267620
-34.745130
-35.218460
-35.687593
-36.152514
-36.613210
-37.069672
-37.521892
-37.969863
-38.413583
-38.853050
-39.288264
-39.719228
-40.145946
-40.568423
-40.986667
-41.400687
-41.810493
-42.216098
-42.617514
-43.014757
-43.407842
-43.796785
-44.181606
-44.562323
-44.938957
-45.311529
-45.680060
-46.044574
-46.405094
-46.761645
-47.114251
-47.462940
-47.807736
-48.148667
-48.485760
-48.819044
-49.148546
-49.474297
-49.796324
-50.114657
-50.429327
-50.740363
-51.047796
-51.351657
-51.651977
-51.948786
-52.242116
-52.531998
-52.818464
-53.101546
-53.381274
-53.657681
-53.930798
-54.200658
-54.467291
-54.730730
-54.991006
-55.248151
-55.502197
-55.753174
-56.001116
-56.246052
-56.488014
-56.727033
-56.963141
-57.196367
-57.426743
-57.654300
-57.879067
-58.101076
-58.320355
-58.536935
-58.750846
-58.962117
-59.170778
-59.376857
-59.580384
-59.781386
-59.979894
-60.175934
-60.369536
-60.560726
-60.749533
-60.935984
-61.120105
-61.301925
-61.481469
-61.658765
-61.833838
-62.006714
-62.177419
-62.345979
-62.512419
-62.676763
-62.839038
-62.999267
-63.157474
-63.313685
-63.467922
-63.620209
-63.770570
-63.919027
-64.065604
-64.210324
-64.353208
-64.494279
-64.633559
-64.771069
-64.906832
-65.040868
-65.173199
-65.303845
-65.432826
-65.560164
-65.685878
-65.809989
-65.932515
-66.053477
-66.172894
-66.290784
-66.407167
-66.522061
-66.635484
-66.747455
-66.857992
-66.967113
-67.074834
-67.181174
-67.286149
-67.389778
-67.492075
-67.593058
-67.692744
-67.791148
-67.888286
-67.984175
-68.078830
-68.172266
-68.264498
-68.355542
-68.445412
-68.534124
-68.621692
-68.708129
-68.793451
-68.877671
-68.960803
-69.042860
-69.123857
-69.203807
-69.282722
-69.360616
-69.437502
-69.513392
-69.588299
-69.662235
-69.735213
-69.807244
-69.878341
-69.948515
-70.017777
-70.086140
-70.153615
-70.220213
-70.285945
-70.350821
-70.414854
-70.478053
-70.540428
-70.601991
-70.662752
-70.722720
-70.781906
-70.840319
-70.897969
-70.954867
-71.011021
-71.066440
-71.121135
-71.175114
-71.228386
-71.280960
-71.332845
-71.384050
-71.434583
-71.484452
-71.533667
-71.582235
-71.630164
-71.677463
-71.724139
-71.770200
-71.815654
-71.860509
-71.904771
-71.948450
-71.991551
-72.034082
-72.076050
-72.117463
-72.158327
-72.198649
-72.238436
-72.277695
-72.316432
-72.354653
-72.392366
-72.429576
-72.466290
-72.502514
-72.538254
-72.573515
-72.608305
-72.642629
-72.676492
-72.709901
-72.742861
-72.775377
-72.807455
-72.839101
-72.870319
-72.901115
-72.931495
-72.961463
-72.991024
-73.020183
-73.048946
-73.077317
-73.105301
-73.132902
-73.160126
-73.186976
-73.213458
-73.239576
-73.265334
-73.290737
-73.315788
-73.340493
-73.364855
-73.388878
-73.412567
-73.435925
-73.458957
-73.481666
-73.504056
-73.526131
-73.547895
-73.569350
-73.590502
-73.611353
-73.631908
-73.652168
-73.672139
-73.691823
-73.711223
-73.730343
-73.749187
-73.767756
-73.786055
-73.804087
-73.821853
-73.839359
-73.856606
-73.873597
-73.890336
-73.906824
-73.923066
-73.939063
-73.954818
-73.970334
-73.985614
-74.000660
-74.015475
-74.030061
-74.044420
-74.058556
-74.072469
-74.086164
-74.099642
-74.112905
-74.125956
-74.138797
-74.151429
-74.163856
-74.176079
-74.188100
-74.199921
-74.211545
-74.222973
-74.234207
-74.245249
-74.256101
-74.266765
-74.277242
-74.287534
-74.297644
-74.307572
-74.317321
-74.326892
-74.336287
-74.345506
-74.354553
-74.363428
-74.372133
-74.380668
-74.389037
-74.397240
-74.405278
-74.413154
-74.420867
-74.428420
-74.435814
-74.443049
-74.450128
-74.457052
-74.463820
-74.470436
-74.476900
-74.483212
-74.489374
-74.495388
-74.501253
-74.506972
-74.512544
-74.517971
-74.523255
-74.528394
-74.533392
-74.538248
-74.542963
-74.547538
-74.551974
-74.556272
-74.560432
-74.564454
-74.568341
-74.572092
-74.575707
-74.579189
-74.582536
-74.585750
-74.588831
-74.591780
-74.594598
-74.597284
-74.599839
-74.602264
-74.604559
-74.606724
-74.608760
-74.610667
-74.612445
-74.614095
-74.615618
-74.617012
-74.618279
-74.619419
-74.620431
-74.621317
-74.622076
-74.622708
-74.623213
-74.623592
-74.623845
-74.623971
-74.623971
