-74.697918
-74.697918
-74.697812
-74.697600
-74.697281
-74.696857
-74.696327
-74.695690
-74.694947
-74.694098
-74.693142
-74.692079
-74.690909
-74.689632
-74.688248
-74.686756
-74.685157
-74.683449
-74.681634
-74.679709
-74.677676
-74.675534
-74.673282
-74.670921
-74.668449
-74.665866
-74.663173
-74.660368
-74.657451
-74.654422
-74.651280
-74.648025
-74.644656
-74.641173
-74.637575
-74.633861
-74.630032
-74.626086
-74.622022
-74.617841
-74.613542
-74.609123
-74.604584
-74.599925
-74.595144
-74.590242
-74.585216
-74.580067
-74.574794
-74.569395
-74.563871
-74.558219
-74.552440
-74.546531
-74.540494
-74.534325
-74.528026
-74.521593
-74.515027
-74.508327
-74.501491
-74.494518
-74.487408
-74.480158
-74.472769
-74.465238
-74.457566
-74.449749
-74.441788
-74.433681
-74.425427
-74.417024
-74.408471
-74.399767
-74.390910
-74.381900
-74.372734
-74.363411
-74.353930
-74.344289
-74.334487
-74.324522
-74.314393
-74.304098
-74.293636
-74.283004
-74.272201
-74.261226
-74.250076
-74.238751
-74.227248
-74.215565
-74.203701
-74.191653
-74.179420
-74.167001
-74.154392
-74.141592
-74.128599
-74.115411
-74.102026
-74.088442
-74.074656
-74.060667
-74.046473
-74.032070
-74.017457
-74.002632
-73.987592
-73.972334
-73.956857
-73.941158
-73.925235
-73.909085
-73.892705
-73.876093
-73.859246
-73.842163
-73.824839
-73.807272
-73.789460
-73.771400
-73.753088
-73.734523
-73.715701
-73.696618
-73.677273
-73.657662
-73.637782
-73.617630
-73.597203
-73.576497
-73.555510
-73.534237
-73.512676
-73.490824
-73.468676
-73.446229
-73.423481
-73.400426
-73.377062
-73.353385
-73.329391
-73.305077
-73.280438
-73.255471
-73.230172
-73.204536
-73.178561
-73.152241
-73.125573
-73.098552
-73.071174
-73.043435
-73.015330
-72.986856
-72.958007
-72.928779
-72.899168
-72.869169
-72.838776
-72.807986
-72.776794
-72.745194
-72.713181
-72.680751
-72.647899
-72.614619
-72.580906
-72.546755
-72.512160
-72.477116
-72.441618
-72.405660
-72.369236
-72.332340
-72.294968
-72.257112
-72.218767
-72.179927
-72.140586
-72.100738
-72.060376
-72.019494
-71.978086
-71.936145
-71.893664
-71.850638
-71.807059
-71.762920
-71.718215
-71.672936
-71.627077
-71.580629
-71.533587
-71.485942
-71.437688
-71.388816
-71.339318
-71.289189
-71.238418
-71.186999
-71.134923
-71.082182
-71.028769
-70.974674
-70.919889
-70.864406
-70.808216
-70.751310
-70.693680
-70.635316
-70.576210
-70.516351
-70.455732
-70.394341
-70.332171
-70.269211
-70.205451
-70.140881
-70.075492
-70.009274
-69.942215
-69.874306
-69.805536
-69.735895
-69.665371
-69.593954
-69.521632
-69.448396
-69.374232
-69.299130
-69.223079
-69.146066
-69.068079
-68.989107
-68.909137
-68.828158
-68.746156
-68.663119
-68.579035
-68.493890
-68.407671
-68.320365
-68.231959
-68.142440
-68.051793
-67.960005
-67.867061
-67.772948
-67.677652
-67.581157
-67.483449
-67.384514
-67.284335
-67.182899
-67.080190
-66.976191
-66.870888
-66.764265
-66.656305
-66.546993
-66.436311
-66.324243
-66.210773
-66.095883
-65.979557
-65.861776
-65.742524
-65.621782
-65.499532
-65.375758
-65.250439
-65.123557
-64.995094
-64.865032
-64.733349
-64.600028
-64.465049
-64.328392
-64.190037
-64.049963
-63.908151
-63.764579
-63.619228
-63.472076
-63.323101
-63.172282
-63.019598
-62.865027
-62.708546
-62.550134
-62.389767
-62.227424
-62.063080
-61.896714
-61.728301
-61.557817
-61.385240
-61.210545
-61.033708
-60.854704
-60.673508
-60.490097
-60.304444
-60.116524
-59.926312
-59.733783
-59.538910
-59.341666
-59.142027
-58.939965
-58.735453
-58.528466
-58.318974
-58.106953
-57.892373
-57.675207
-57.455428
-57.233007
-57.007917
-56.780128
-56.549614
-56.316345
-56.080292
-55.841426
-55.599720
-55.355142
-55.107666
-54.857260
-54.603896
-54.347544
-54.088175
-53.825760
-53.560268
-53.291670
-53.019936
-52.745037
-52.466943
-52.185624
-51.901051
-51.613194
-51.322023
-51.027511
-50.729626
-50.428340
-50.123623
-49.815448
-49.503786
-49.188607
-48.869884
-48.547589
-48.221694
-47.892172
-47.558997
-47.222141
-46.881578
-46.537282
-46.189230
-45.837394
-45.481753
-45.122281
-44.758956
-44.391756
-44.020659
-43.645645
-43.266693
-42.883784
-42.496900
-42.106024
-41.711139
-41.312230
-40.909283
-40.502285
-40.091223
-39.676089
-39.256872
-38.833564
-38.406160
-37.974655
-37.539045
-37.099329
-36.655506
-36.207580
-35.755554
-35.299434
-34.839227
-34.374944
-33.906597
-33.434200
-32.957770
-32.477326
-31.992889
-31.504483
-31.012137
-30.515878
-30.015739
-29.511755
-29.003965
-28.492409
-27.977131
-27.458179
-26.935604
-26.409459
-25.879801
-25.346691
-24.810193
-24.270375
-23.727308
-23.181066
-22.631729
-22.079377
-21.524098
-20.965981
-20.405119
-19.841610
-19.275554
-18.707057
-18.136227
-17.563177
-16.988023
-16.410885
-15.831886
-15.251154
-14.668820
-14.085018
-13.499885
-12.913564
-12.326198
-11.737936
-11.148927
-10.559326
-9.969288
-9.378974
-8.788543
-8.198161
-7.607993
-7.018207
-6.428973
-5.840463
-5.252848
-4.666303
-4.081004
-3.497124
-2.914842
-2.334333
-1.755774
-1.179340
-0.605209
-0.033554
0.535449
1.101627
1.664810
2.224827
2.781510
3.334693
3.884213
4.429908
4.971622
5.509199
6.042488
6.571341
7.095613
7.615164
8.129858
8.639563
9.144151
9.643500
10.137491
10.626011
11.108952
11.586210
12.057688
12.523293
12.982938
13.436540
13.884023
14.325316
14.760354
15.189076
15.611429
16.027363
16.436835
16.839807
17.236246
17.626125
18.009421
18.386119
18.756205
19.119674
19.476524
19.826756
20.170380
20.507406
20.837852
21.161739
21.479090
21.789936
22.094308
22.392243
22.683782
22.968967
23.247845
23.520465
23.786881
24.047148
24.301323
24.549467
24.791642
25.027914
25.258348
25.483015
25.701983
25.915325
26.123115
26.325425
26.522333
26.713915
26.900249
27.081412
27.257484
27.428545
27.594673
27.755950
27.912455
28.064270
28.211475
28.354150
28.492376
28.626232
28.755799
28.881157
29.002383
29.119557
29.232756
29.342058
29.447539
29.549275
29.647342
29.741813
29.832762
29.920262
30.004384
30.085199
30.162777
30.237186
30.308495
30.376769
30.442076
30.504478
30.564041
30.620825
30.674894
30.726306
30.775122
30.821399
30.865195
30.906564
30.945563
30.982245
31.016662
31.048866
31.078908
31.106838
31.132702
31.156550
31.178427
31.198379
31.216450
31.232683
31.247120
31.259804
31.270775
31.280071
31.287732
31.293796
31.298298
31.301276
31.302763
31.302795
31.301405
31.298625
31.294487
31.289022
31.282260
31.274231
31.264963
31.254484
31.242823
31.230004
31.216055
31.201001
31.184865
31.167673
31.149448
31.130212
31.109987
31.088796
31.066659
31.043596
31.019629
30.994776
30.969056
30.942488
30.915090
30.886879
30.857873
30.828087
30.797539
30.766244
30.734217
30.701473
30.668027
30.633893
30.599085
30.563617
30.527500
30.490749
30.453376
30.415392
30.376810
30.337641
30.297896
30.257586
30.216721
30.175313
30.133371
30.090905
30.047925
30.004439
29.960458
29.915989
29.871041
29.825623
29.779744
29.733410
29.686630
29.639412
29.591762
29.543688
29.495197
29.446296
29.396992
29.347291
29.297199
29.246723
29.195868
29.144642
29.093048
29.041094
28.988784
28.936124
28.883119
28.829774
28.776094
28.722085
28.667750
28.613094
28.558123
28.502840
28.447249
28.391356
28.335163
28.278676
28.221898
28.164832
28.107483
28.049855
27.991950
27.933773
27.875327
27.816616
27.757641
27.698408
27.638919
27.579176
27.519184
27.458945
27.398462
27.337737
27.276774
27.215576
27.154144
27.092482
27.030593
26.968478
26.906140
26.843581
26.780805
26.717813
26.654607
26.591191
26.527565
26.463732
26.399695
26.335455
26.271014
26.206375
26.141539
26.076509
26.011285
25.945871
25.880268
25.814477
25.748501
25.682341
25.615999
25.549476
25.482775
25.415897
25.348844
25.281616
25.214216
25.146646
25.078906
25.010999
24.942925
24.874686
24.806284
24.737721
24.668996
24.600112
24.531071
24.461873
24.392520
24.323013
24.253353
24.183543
24.113582
24.043472
23.973215
23.902811
23.832263
23.761570
23.690735
23.619758
23.548640
23.477384
23.405989
23.334457
23.262790
23.190987
23.119051
23.046982
22.974782
22.902451
22.829991
22.757402
22.684686
22.611844
22.538877
22.465785
22.392571
22.319234
22.245776
22.172198
22.098500
22.024685
21.950752
21.876704
21.802540
21.728262
21.653871
21.579367
21.504752
21.430027
21.355193
21.280250
21.205200
21.130044
21.054782
20.979416
20.903946
20.828374
20.752700
20.676926
20.601052
20.525079
20.449009
20.372842
20.296579
20.220222
20.143770
20.067226
19.990591
19.913864
19.837048
19.760143
19.683150
19.606071
19.528905
19.451655
19.374322
19.296905
19.219407
19.141829
19.064171
18.986435
18.908621
18.830731
18.752766
18.674726
18.596614
18.518430
18.440175
18.361850
18.283457
18.204997
18.126470
18.047879
17.969224
17.890506
17.811727
17.732888
17.653989
17.575034
17.496022
17.416954
17.337834
17.258660
17.179436
17.100162
17.020839
16.941469
16.862054
16.782594
16.703092
16.623549
16.543965
16.464344
16.384685
16.304991
16.225263
16.145504
16.065713
15.985894
15.906047
15.826175
15.746279
15.666360
15.586421
15.506464
15.426489
15.346499
15.266496
15.186481
15.106457
15.026425
14.946388
14.866347
14.786304
14.706262
14.626222
14.546186
14.466158
14.386138
14.306129
14.226133
14.146153
14.066191
13.986249
13.906330
13.826435
13.746568
13.666731
13.586926
13.507157
13.427424
13.347732
13.268083
13.188480
13.108925
13.029421
12.949971
12.870577
12.791244
12.711974
12.632769
12.553633
12.474569
12.395580
12.316670
12.237841
12.159097
12.080441
12.001877
11.923408
11.845038
11.766770
11.688607
11.610554
11.532614
11.454791
11.377088
11.299510
11.222060
11.144743
11.067563
10.990523
10.913627
10.836881
10.760288
10.683852
10.607578
10.531471
10.455535
10.379774
10.304193
10.228797
10.153591
10.078579
10.003766
9.929158
9.854759
9.780575
9.706610
9.632870
9.559359
9.486085
9.413051
9.340264
9.267729
9.195451
9.123437
9.051692
8.980222
8.909033
8.838131
8.767522
8.697212
8.627208
8.557516
8.488142
8.419093
8.350374
8.281994
8.213959
8.146274
8.078948
8.011987
7.945399
7.879190
7.813367
7.747938
7.682910
7.618291
7.554088
7.490309
7.426961
7.364053
7.301592
7.239585
7.178042
7.116970
7.056378
6.996273
6.936664
6.877561
6.818970
6.760901
6.703363
6.646364
6.589914
6.534021
6.478695
6.423945
6.369780
6.316209
6.263242
6.210889
6.159159
6.108063
6.057609
6.007808
5.958670
5.910206
5.862425
5.815338
5.768955
5.723288
5.678346
5.634140
5.590682
5.547981
5.506051
5.464901
5.424543
5.384988
5.346248
5.308335
5.271260
5.235035
5.199673
5.165185
5.131583
5.098880
5.067088
5.036220
5.006288
4.977306
4.949286
4.922242
4.896186
4.871132
4.847093
4.824083
4.802116
4.781206
4.761367
4.742612
4.724956
4.708414
4.693001
4.678731
4.665618
4.653679
4.642929
4.633383
4.625056
4.617965
4.612126
4.607555
4.604268
4.602283
4.601615
4.602283
4.604268
4.607555
4.612126
4.617965
4.625056
4.633383
4.642929
4.653679
4.665618
4.678731
4.693001
4.708414
4.724956
4.742612
4.761367
4.781206
4.802116
4.824083
4.847093
4.871132
4.896186
4.922242
4.949286
4.977306
5.006288
5.036220
5.067088
5.098880
5.131583
5.165185
5.199673
5.235035
5.271260
5.308335
5.346248
5.384988
5.424543
5.464901
5.506051
5.547981
5.590682
5.634140
5.678346
5.723288
5.768955
5.815338
5.862425
5.910206
5.958670
6.007808
6.057609
6.108063
6.159159
6.210889
6.263242
6.316209
6.369780
6.423945
6.478695
6.534021
6.589914
6.646364
6.703363
6.760901
6.818970
6.877561
6.936664
6.996273
7.056378
7.116970
7.178042
7.239585
7.301592
7.364053
7.426961
7.490309
7.554088
7.618291
7.682910
7.747938
7.813367
7.879190
7.945399
8.011987
8.078948
8.146274
8.213959
8.281994
8.350374
8.419093
8.488142
8.557516
8.627208
8.697212
8.767522
8.838131
8.909033
8.980222
9.051692
9.123437
9.195451
9.267729
9.340264
9.413051
9.486085
9.559359
9.632870
9.706610
9.780575
9.854759
9.929158
10.003766
10.078579
10.153591
10.228797
10.304193
10.379774
10.455535
10.531471
10.607578
10.683852
10.760288
10.836881
10.913627
10.990523
11.067563
11.144743
11.222060
11.299510
11.377088
11.454791
11.532614
11.610554
11.688607
11.766770
11.845038
11.923408
12.001877
12.080441
12.159097
12.237841
12.316670
12.395580
12.474569
12.553633
12.632769
12.711974
12.791244
12.870577
12.949971
13.029421
13.108925
13.188480
13.268083
13.347732
13.427424
13.507157
13.586926
13.666731
13.746568
13.826435
13.906330
13.986249
14.066191
14.146153
14.226133
14.306129
14.386138
14.466158
14.546186
14.626222
14.706262
14.786304
14.866347
14.946388
15.026425
15.106457
15.186481
15.266496
15.346499
15.426489
15.506464
15.586421
15.666360
15.746279
15.826175
15.906047
15.985894
16.065713
16.145504
16.225263
16.304991
16.384685
16.464344
16.543965
16.623549
16.703092
16.782594
16.862054
16.941469
17.020839
17.100162
17.179436
17.258660
17.337834
17.416954
17.496022
17.575034
17.653989
17.732888
17.811727
17.890506
17.969224
18.047879
18.126470
18.204997
18.283457
18.361850
18.440175
18.518430
18.596614
18.674726
18.752766
18.830731
18.908621
18.986435
19.064171
19.141829
19.219407
19.296905
19.374322
19.451655
19.528905
19.606071
19.683150
19.760143
19.837048
19.913864
19.990591
20.067226
20.143770
20.220222
20.296579
20.372842
20.449009
20.525079
20.601052
20.676926
20.752700
20.828374
20.903946
20.979416
21.054782
21.130044
21.205200
21.280250
21.355193
21.430027
21.504752
21.579367
21.653871
21.728262
21.802540
21.876704
21.950752
22.024685
22.098500
22.172198
22.245776
22.319234
22.392571
22.465785
22.538877
22.611844
22.684686
22.757402
22.829991
22.902451
22.974782
23.046982
23.119051
23.190987
23.262790
23.334457
23.405989
23.477384
23.548640
23.619758
23.690735
23.761570
23.832263
23.902811
23.973215
24.043472
24.113582
24.183543
24.253353
24.323013
24.392520
24.461873
24.531071
24.600112
24.668996
24.737721
24.806284
24.874686
24.942925
25.010999
25.078906
25.146646
25.214216
25.281616
25.348844
25.415897
25.482775
25.549476
25.615999
25.682341
25.748501
25.814477
25.880268
25.945871
26.011285
26.076509
26.141539
26.206375
26.271014
26.335455
26.399695
26.463732
26.527565
26.591191
26.654607
26.717813
26.780805
26.843581
26.906140
26.968478
27.030593
27.092482
27.154144
27.215576
27.276774
27.337737
27.398462
27.458945
27.519184
27.579176
27.638919
27.698408
27.757641
27.816616
27.875327
27.933773
27.991950
28.049855
28.107483
28.164832
28.221898
28.278676
28.335163
28.391356
28.447249
28.502840
28.558123
28.613094
28.667750
28.722085
28.776094
28.829774
28.883119
28.936124
28.988784
29.041094
29.093048
29.144642
29.195868
29.246723
29.297199
29.347291
29.396992
29.446296
29.495197
29.543688
29.591762
29.639412
29.686630
29.733410
29.779744
29.825623
29.871041
29.915989
29.960458
30.004439
30.047925
30.090905
30.133371
30.175313
30.216721
30.257586
30.297896
30.337641
30.376810
30.415392
30.453376
30.490749
30.527500
30.563617
30.599085
30.633893
30.668027
30.701473
30.734217
30.766244
30.797539
30.828087
30.857873
30.886879
30.915090
30.942488
30.969056
30.994776
31.019629
31.043596
31.066659
31.088796
31.109987
31.130212
31.149448
31.167673
31.184865
31.201001
31.216055
31.230004
31.242823
31.254484
31.264963
31.274231
31.282260
31.289022
31.294487
31.298625
31.301405
31.302795
31.302763
31.301276
31.298298
31.293796
31.287732
31.280071
31.270775
31.259804
31.247120
31.232683
31.216450
31.198379
31.178427
31.156550
31.132702
31.106838
31.078908
31.048866
31.016662
30.982245
30.945563
30.906564
30.865195
30.821399
30.775122
30.726306
30.674894
30.620825
30.564041
30.504478
30.442076
30.376769
30.308495
30.237186
30.162777
30.085199
30.004384
29.920262
29.832762
29.741813
29.647342
29.549275
29.447539
29.342058
29.232756
29.119557
29.002383
28.881157
28.755799
28.626232
28.492376
28.354150
28.211475
28.064270
27.912455
27.755950
27.594673
27.428545
27.257484
27.081412
26.900249
26.713915
26.522333
26.325425
26.123115
25.915325
25.701983
25.483015
25.258348
25.027914
24.791642
24.549467
24.301323
24.047148
23.786881
23.520465
23.247845
22.968967
22.683782
22.392243
22.094308
21.789936
21.479090
21.161739
20.837852
20.507406
20.170380
19.826756
19.476524
19.119674
18.756205
18.386119
18.009421
17.626125
17.236246
16.839807
16.436835
16.027363
15.611429
15.189076
14.760354
14.325316
13.884023
13.436540
12.982938
12.523293
12.057688
11.586210
11.108952
10.626011
10.137491
9.643500
9.144151
8.639563
8.129858
7.615164
7.095613
6.571341
6.042488
5.509199
4.971622
4.429908
3.884213
3.334693
2.781510
2.224827
1.664810
1.101627
0.535449
-0.033554
-0.605209
-1.179340
-1.755774
-2.334333
-2.914842
-3.497124
-4.081004
-4.666303
-5.252848
-5.840463
-6.428973
-7.018207
-7.607993
-8.198161
-8.788543
-9.378974
-9.969288
-10.559326
-11.148927
-11.737936
-12.326198
-12.913564
-13.499885
-14.085018
-14.668820
-15.251154
-15.831886
-16.410885
-16.988023
-17.563177
-18.136227
-18.707057
-19.275554
-19.841610
-20.405119
-20.965981
-21.524098
-22.079377
-22.631729
-23.181066
-23.727308
-24.270375
-24.810193
-25.346691
-25.879801
-26.409459
-26.935604
-27.458179
-27.977131
-28.492409
-29.003965
-29.511755
-30.015739
-30.515878
-31.012137
-31.504483
-31.992889
-32.477326
-32.957770
-33.434200
-33.906597
-34.374944
-34.839227
-35.299434
-35.755554
-36.207580
-36.655506
-37.099329
-37.539045
-37.974655
-38.406160
-38.833564
-39.256872
-39.676089
-40.091223
-40.502285
-40.909283
-41.312230
-41.711139
-42.106024
-42.496900
-42.883784
-43.266693
-43.645645
-44.020659
-44.391756
-44.758956
-45.122281
-45.481753
-45.837394
-46.189230
-46.537282
-46.881578
-47.222141
-47.558997
-47.892172
-48.221694
-48.547589
-48.869884
-49.188607
-49.503786
-49.815448
-50.123623
-50.428340
-50.729626
-51.027511
-51.322023
-51.613194
-51.901051
-52.185624
-52.466943
-52.745037
-53.019936
-53.291670
-53.560268
-53.825760
-54.088175
-54.347544
-54.603896
-54.857260
-55.107666
-55.355142
-55.599720
-55.841426
-56.080292
-56.316345
-56.549614
-56.780128
-57.007917
-57.233007
-57.455428
-57.675207
-57.892373
-58.106953
-58.318974
-58.528466
-58.735453
-58.939965
-59.142027
-59.341666
-59.538910
-59.733783
-59.926312
-60.116524
-60.304444
-60.490097
-60.673508
-60.854704
-61.033708
-61.210545
-61.385240
-61.557817
-61.728301
-61.896714
-62.063080
-62.227424
-62.389767
-62.550134
-62.708546
-62.865027
-63.019598
-63.172282
-63.323101
-63.472076
-63.619228
-63.764579
-63.908151
-64.049963
-64.190037
-64.328392
-64.465049
-64.600028
-64.733349
-64.865032
-64.995094
-65.123557
-65.250439
-65.375758
-65.499532
-65.621782
-65.742524
-65.861776
-65.979557
-66.095883
-66.210773
-66.324243
-66.436311
-66.546993
-66.656305
-66.764265
-66.870888
-66.976191
-67.080190
-67.182899
-67.284335
-67.384514
-67.483449
-67.581157
-67.677652
-67.772948
-67.867061
-67.960005
-68.051793
-68.142440
-68.231959
-68.320365
-68.407671
-68.493890
-68.579035
-68.663119
-68.746156
-68.828158
-68.909137
-68.989107
-69.068079
-69.146066
-69.223079
-69.299130
-69.374232
-69.448396
-69.521632
-69.593954
-69.665371
-69.735895
-69.805536
-69.874306
-69.942215
-70.009274
-70.075492
-70.140881
-70.205451
-70.269211
-70.332171
-70.394341
-70.455732
-70.516351
-70.576210
-70.635316
-70.693680
-70.751310
-70.808216
-70.864406
-70.919889
-70.974674
-71.028769
-71.082182
-71.134923
-71.186999
-71.238418
-71.289189
-71.339318
-71.388816
-71.437688
-71.485942
-71.533587
-71.580629
-71.627077
-71.672936
-71.718215
-71.762920
-71.807059
-71.850638
-71.893664
-71.936145
-71.978086
-72.019494
-72.060376
-72.100738
-72.140586
-72.179927
-72.218767
-72.257112
-72.294968
-72.332340
-72.369236
-72.405660
-72.441618
-72.477116
-72.512160
-72.546755
-72.580906
-72.614619
-72.647899
-72.680751
-72.713181
-72.745194
-72.776794
-72.807986
-72.838776
-72.869169
-72.899168
-72.928779
-72.958007
-72.986856
-73.015330
-73.043435
-73.071174
-73.098552
-73.125573
-73.152241
-73.178561
-73.204536
-73.230172
-73.255471
-73.280438
-73.305077
-73.329391
-73.353385
-73.377062
-73.400426
-73.423481
-73.446229
-73.468676
-73.490824
-73.512676
-73.534237
-73.555510
-73.576497
-73.597203
-73.617630
-73.637782
-73.657662
-73.677273
-73.696618
-73.715701
-73.734523
-73.753088
-73.771400
-73.789460
-73.807272
-73.824839
-73.842163
-73.859246
-73.876093
-73.892705
-73.909085
-73.925235
-73.941158
-73.956857
-73.972334
-73.987592
-74.002632
-74.017457
-74.032070
-74.046473
-74.060667
-74.074656
-74.088442
-74.102026
-74.115411
-74.128599
-74.141592
-74.154392
-74.167001
-74.179420
-74.191653
-74.203701
-74.215565
-74.227248
-74.238751
-74.250076
-74.261226
-74.272201
-74.283004
-74.293636
-74.304098
-74.314393
-74.324522
-74.334487
-74.344289
-74.353930
-74.363411
-74.372734
-74.381900
-74.390910
-74.399767
-74.408471
-74.417024
-74.425427
-74.433681
-74.441788
-74.449749
-74.457566
-74.465238
-74.472769
-74.480158
-74.487408
-74.494518
-74.501491
-74.508327
-74.515027
-74.521593
-74.528026
-74.534325
-74.540494
-74.546531
-74.552440
-74.558219
-74.563871
-74.569395
-74.574794
-74.580067
-74.585216
-74.590242
-74.595144
-74.599925
-74.604584
-74.609123
-74.613542
-74.617841
-74.622022
-74.626086
-74.630032
-74.633861
-74.637575
-74.641173
-74.644656
-74.648025
-74.651280
-74.654422
-74.657451
-74.660368
-74.663173
-74.665866
-74.668449
-74.670921
-74.673282
-74.675534
-74.677676
-74.679709
-74.681634
-74.683449
-74.685157
-74.686756
-74.688248
-74.689632
-74.690909
-74.692079
-74.693142
-74.694098
-74.694947
-74.695690
-74.696327
-74.696857
-74.697281
-74.697600
-74.697812
-74.697918
-74.697918
