-74.640306
-74.640306
-74.640184
-74.639940
-74.639575
-74.639088
-74.638478
-74.637747
-74.636894
-74.635918
-74.634819
-74.633598
-74.632254
-74.630787
-74.629197
-74.627483
-74.625645
-74.623683
-74.621597
-74.619385
-74.617049
-74.614586
-74.611998
-74.609283
-74.606442
-74.603472
-74.600376
-74.597150
-74.593796
-74.590312
-74.586699
-74.582954
-74.579079
-74.575071
-74.570931
-74.566658
-74.562250
-74.557708
-74.553031
-74.548217
-74.543266
-74.538178
-74.532951
-74.527584
-74.522077
-74.516428
-74.510637
-74.504703
-74.498625
-74.492402
-74.486032
-74.479515
-74.472849
-74.466034
-74.459068
-74.451951
-74.444681
-74.437256
-74.429676
-74.421939
-74.414045
-74.405991
-74.397777
-74.389400
-74.380860
-74.372156
-74.363285
-74.354247
-74.345039
-74.335661
-74.326111
-74.316386
-74.306486
-74.296410
-74.286154
-74.275718
-74.265099
-74.254297
-74.243309
-74.232134
-74.220768
-74.209212
-74.197462
-74.185518
-74.173376
-74.161034
-74.148492
-74.135746
-74.122795
-74.109636
-74.096267
-74.082687
-74.068892
-74.054881
-74.040650
-74.026199
-74.011524
-73.996622
-73.981493
-73.966132
-73.950537
-73.934707
-73.918637
-73.902326
-73.885771
-73.868968
-73.851916
-73.834612
-73.817051
-73.799233
-73.781153
-73.762809
-73.744197
-73.725315
-73.706159
-73.686726
-73.667013
-73.647017
-73.626735
-73.606162
-73.585295
-73.564132
-73.542668
-73.520901
-73.498825
-73.476439
-73.453737
-73.430716
-73.407373
-73.383703
-73.359703
-73.335369
-73.310696
-73.285680
-73.260317
-73.234604
-73.208535
-73.182107
-73.155315
-73.128154
-73.100621
-73.072709
-73.044416
-73.015736
-72.986664
-72.957196
-72.927326
-72.897050
-72.866363
-72.835259
-72.803734
-72.771782
-72.739398
-72.706576
-72.673311
-72.639597
-72.605430
-72.570802
-72.535710
-72.500145
-72.464104
-72.427579
-72.390565
-72.353056
-72.315044
-72.276525
-72.237492
-72.197938
-72.157856
-72.117240
-72.076084
-72.034379
-71.992121
-71.949301
-71.905912
-71.861948
-71.817400
-71.772262
-71.726526
-71.680185
-71.633231
-71.585655
-71.537451
-71.488610
-71.439125
-71.388986
-71.338187
-71.286717
-71.234570
-71.181735
-71.128206
-71.073972
-71.019024
-70.963355
-70.906954
-70.849812
-70.791921
-70.733269
-70.673848
-70.613649
-70.552660
-70.490872
-70.428275
-70.364859
-70.300613
-70.235526
-70.169588
-70.102789
-70.035117
-69.966561
-69.897110
-69.826752
-69.755477
-69.683272
-69.610125
-69.536026
-69.460961
-69.384918
-69.307885
-69.229850
-69.150800
-69.070721
-68.989602
-68.907428
-68.824187
-68.739864
-68.654447
-68.567921
-68.480273
-68.391488
-68.301552
-68.210451
-68.118169
-68.024692
-67.930005
-67.834093
-67.736940
-67.638531
-67.538849
-67.437880
-67.335606
-67.232012
-67.127081
-67.020796
-66.913140
-66.804097
-66.693649
-66.581777
-66.468466
-66.353696
-66.237450
-66.119710
-66.000456
-65.879670
-65.757333
-65.633426
-65.507929
-65.380824
-65.252089
-65.121705
-64.989652
-64.855910
-64.720457
-64.583272
-64.444335
-64.303624
-64.161118
-64.016794
-63.870630
-63.722605
-63.572696
-63.420880
-63.267133
-63.111434
-62.953757
-62.794081
-62.632380
-62.468630
-62.302808
-62.134888
-61.964846
-61.792656
-61.618293
-61.441732
-61.262947
-61.081912
-60.898601
-60.712986
-60.525042
-60.334742
-60.142058
-59.946962
-59.749429
-59.549428
-59.346934
-59.141917
-58.934348
-58.724200
-58.511444
-58.296050
-58.077989
-57.857232
-57.633749
-57.407511
-57.178487
-56.946648
-56.711964
-56.474403
-56.233936
-55.990532
-55.744159
-55.494788
-55.242388
-54.986926
-54.728373
-54.466697
-54.201866
-53.933850
-53.662617
-53.388136
-53.110375
-52.829303
-52.544890
-52.257103
-51.965912
-51.671286
-51.373194
-51.071604
-50.766487
-50.457812
-50.145549
-49.829668
-49.510139
-49.186933
-48.860021
-48.529374
-48.194963
-47.856761
-47.514741
-47.168875
-46.819137
-46.465501
-46.107942
-45.746435
-45.380957
-45.011483
-44.637993
-44.260464
-43.878876
-43.493209
-43.103444
-42.709563
-42.311551
-41.909392
-41.503072
-41.092577
-40.677896
-40.259020
-39.835939
-39.408647
-38.977138
-38.541409
-38.101457
-37.657283
-37.208887
-36.756275
-36.299452
-35.838425
-35.373206
-34.903806
-34.430241
-33.952528
-33.470688
-32.984742
-32.494716
-32.000639
-31.502540
-31.000455
-30.494420
-29.984476
-29.470664
-28.953034
-28.431633
-27.906515
-27.377738
-26.845361
-26.309448
-25.770067
-25.227290
-24.681189
-24.131846
-23.579342
-23.023763
-22.465200
-21.903747
-21.339501
-20.772566
-20.203046
-19.631051
-19.056696
-18.480096
-17.901374
-17.320654
-16.738065
-16.153739
-15.567812
-14.980423
-14.391714
-13.801833
-13.210927
-12.619149
-12.026653
-11.433598
-10.840143
-10.246451
-9.652689
-9.059021
-8.465618
-7.872650
-7.280290
-6.688710
-6.098086
-5.508593
-4.920406
-4.333703
-3.748660
-3.165453
-2.584258
-2.005252
-1.428609
-0.854503
-0.283105
0.285412
0.850880
1.413132
1.972003
2.527331
3.078956
3.626722
4.170474
4.710064
5.245344
5.776171
6.302407
6.823917
7.340571
7.852242
8.358809
8.860154
9.356167
9.846739
10.331769
10.811159
11.284819
11.752660
12.214602
12.670568
13.120488
13.564297
14.001933
14.433343
14.858477
15.277290
15.689744
16.095805
16.495444
16.888638
17.275367
17.655618
18.029382
18.396655
18.757436
19.111731
19.459548
19.800901
20.135806
20.464286
20.786366
21.102073
21.411442
21.714506
22.011305
22.301882
22.586281
22.864550
23.136740
23.402904
23.663097
23.917377
24.165804
24.408439
24.645346
24.876590
25.102239
25.322359
25.537022
25.746297
25.950255
26.148971
26.342517
26.530967
26.714396
26.892880
27.066494
27.235314
27.399416
27.558877
27.713773
27.864180
28.010175
28.151833
28.289230
28.422442
28.551544
28.676611
28.797715
28.914932
29.028334
29.137994
29.243983
29.346371
29.445231
29.540630
29.632638
29.721321
29.806749
29.888985
29.968096
30.044145
30.117196
30.187312
30.254553
30.318979
30.380652
30.439628
30.495965
30.549720
30.600948
30.649703
30.696039
30.740009
30.781663
30.821053
30.858228
30.893235
30.926124
30.956940
30.985729
31.012536
31.037405
31.060377
31.081496
31.100803
31.118336
31.134137
31.148242
31.160690
31.171517
31.180759
31.188452
31.194629
31.199324
31.202569
31.204397
31.204839
31.203925
31.201685
31.198148
31.193342
31.187295
31.180034
31.171586
31.161975
31.151228
31.139369
31.126421
31.112407
31.097352
31.081276
31.064202
31.046150
31.027141
31.007195
30.986332
30.964571
30.941931
30.918429
30.894083
30.868910
30.842928
30.816153
30.788601
30.760286
30.731226
30.701433
30.670924
30.639711
30.607810
30.575232
30.541991
30.508100
30.473571
30.438417
30.402648
30.366278
30.329316
30.291774
30.253663
30.214992
30.175773
30.136014
30.095726
30.054918
30.013599
29.971779
29.929465
29.886666
29.843391
29.799648
29.755445
29.710789
29.665688
29.620150
29.574181
29.527788
29.480979
29.433760
29.386137
29.338117
29.289706
29.240910
29.191735
29.142187
29.092271
29.041994
28.991359
28.940373
28.889041
28.837368
28.785358
28.733016
28.680348
28.627357
28.574048
28.520426
28.466494
28.412258
28.357720
28.302885
28.247758
28.192341
28.136638
28.080653
28.024391
27.967853
27.911044
27.853967
27.796625
27.739021
27.681159
27.623042
27.564672
27.506053
27.447188
27.388078
27.328728
27.269140
27.209316
27.149260
27.088973
27.028458
26.967718
26.906755
26.845571
26.784170
26.722552
26.660720
26.598677
26.536425
26.473965
26.411301
26.348433
26.285364
26.222095
26.158630
26.094969
26.031115
25.967069
25.902833
25.838410
25.773800
25.709005
25.644027
25.578868
25.513530
25.448013
25.382321
25.316453
25.250411
25.184198
25.117815
25.051263
24.984543
24.917657
24.850607
24.783393
24.716018
24.648482
24.580786
24.512933
24.444923
24.376758
24.308438
24.239966
24.171342
24.102568
24.033644
23.964573
23.895354
23.825990
23.756481
23.686829
23.617034
23.547098
23.477022
23.406806
23.336453
23.265963
23.195336
23.124575
23.053680
22.982652
22.911492
22.840202
22.768781
22.697232
22.625555
22.553751
22.481821
22.409765
22.337586
22.265284
22.192859
22.120314
22.047647
21.974862
21.901958
21.828936
21.755798
21.682544
21.609175
21.535692
21.462095
21.388387
21.314567
21.240637
21.166597
21.092449
21.018192
20.943829
20.869359
20.794785
20.720106
20.645323
20.570438
20.495451
20.420363
20.345175
20.269888
20.194502
20.119019
20.043440
19.967765
19.891995
19.816131
19.740174
19.664125
19.587984
19.511753
19.435433
19.359024
19.282527
19.205943
19.129273
19.052518
18.975680
18.898757
18.821753
18.744667
18.667501
18.590256
18.512931
18.435530
18.358051
18.280497
18.202869
18.125166
18.047391
17.969544
17.891627
17.813640
17.735584
17.657461
17.579271
17.501016
17.422696
17.344313
17.265868
17.187361
17.108795
17.030169
16.951486
16.872747
16.793952
16.715103
16.636200
16.557246
16.478242
16.399188
16.320085
16.240937
16.161742
16.082504
16.003222
15.923899
15.844536
15.765134
15.685695
15.606219
15.526710
15.447167
15.367592
15.287988
15.208355
15.128695
15.049009
14.969300
14.889568
14.809816
14.730045
14.650257
14.570453
14.490635
14.410806
14.330966
14.251118
14.171263
14.091403
14.011541
13.931678
13.851816
13.771958
13.692104
13.612258
13.532421
13.452595
13.372783
13.292987
13.213209
13.133451
13.053715
12.974005
12.894322
12.814668
12.735046
12.655460
12.575910
12.496399
12.416931
12.337508
12.258132
12.178807
12.099535
12.020318
11.941160
11.862064
11.783032
11.704067
11.625173
11.546353
11.467609
11.388945
11.310364
11.231869
11.153464
11.075151
10.996935
10.918819
10.840806
10.762900
10.685105
10.607423
10.529860
10.452418
10.375101
10.297914
10.220860
10.143944
10.067168
9.990538
9.914058
9.837732
9.761563
9.685557
9.609718
9.534051
9.458559
9.383248
9.308121
9.233185
9.158444
9.083901
9.009564
8.935435
8.861521
8.787827
8.714358
8.641118
8.568114
8.495350
8.422833
8.350568
8.278559
8.206814
8.135338
8.064136
7.993215
7.922580
7.852237
7.782194
7.712455
7.643027
7.573917
7.505130
7.436674
7.368555
7.300780
7.233355
7.166287
7.099584
7.033251
6.967297
6.901728
6.836552
6.771775
6.707406
6.643451
6.579919
6.516817
6.454153
6.391934
6.330168
6.268865
6.208030
6.147674
6.087803
6.028427
5.969553
5.911191
5.853349
5.796036
5.739260
5.683030
5.627356
5.572246
5.517710
5.463757
5.410396
5.357636
5.305488
5.253961
5.203065
5.152809
5.103203
5.054258
5.005984
4.958391
4.911489
4.865288
4.819800
4.775035
4.731003
4.687716
4.645184
4.603419
4.562431
4.522232
4.482834
4.444247
4.406484
4.369556
4.333475
4.298252
4.263901
4.230433
4.197860
4.166195
4.135451
4.105639
4.076773
4.048866
4.021931
3.995980
3.971027
3.947086
3.924170
3.902293
3.881468
3.861710
3.843033
3.825450
3.808977
3.793628
3.779417
3.766360
3.754472
3.743767
3.734261
3.725971
3.718910
3.713097
3.708545
3.705273
3.703296
3.702632
3.703296
3.705273
3.708545
3.713097
3.718910
3.725971
3.734261
3.743767
3.754472
3.766360
3.779417
3.793628
3.808977
3.825450
3.843033
3.861710
3.881468
3.902293
3.924170
3.947086
3.971027
3.995980
4.021931
4.048866
4.076773
4.105639
4.135451
4.166195
4.197860
4.230433
4.263901
4.298252
4.333475
4.369556
4.406484
4.444247
4.482834
4.522232
4.562431
4.603419
4.645184
4.687716
4.731003
4.775035
4.819800
4.865288
4.911489
4.958391
5.005984
5.054258
5.103203
5.152809
5.203065
5.253961
5.305488
5.357636
5.410396
5.463757
5.517710
5.572246
5.627356
5.683030
5.739260
5.796036
5.853349
5.911191
5.969553
6.028427
6.087803
6.147674
6.208030
6.268865
6.330168
6.391934
6.454153
6.516817
6.579919
6.643451
6.707406
6.771775
6.836552
6.901728
6.967297
7.033251
7.099584
7.166287
7.233355
7.300780
7.368555
7.436674
7.505130
7.573917
7.643027
7.712455
7.782194
7.852237
7.922580
7.993215
8.064136
8.135338
8.206814
8.278559
8.350568
8.422833
8.495350
8.568114
8.641118
8.714358
8.787827
8.861521
8.935435
9.009564
9.083901
9.158444
9.233185
9.308121
9.383248
9.458559
9.534051
9.609718
9.685557
9.761563
9.837732
9.914058
9.990538
10.067168
10.143944
10.220860
10.297914
10.375101
10.452418
10.529860
10.607423
10.685105
10.762900
10.840806
10.918819
10.996935
11.075151
11.153464
11.231869
11.310364
11.388945
11.467609
11.546353
11.625173
11.704067
11.783032
11.862064
11.941160
12.020318
12.099535
12.178807
12.258132
12.337508
12.416931
12.496399
12.575910
12.655460
12.735046
12.814668
12.894322
12.974005
13.053715
13.133451
13.213209
13.292987
13.372783
13.452595
13.532421
13.612258
13.692104
13.771958
13.851816
13.931678
14.011541
14.091403
14.171263
14.251118
14.330966
14.410806
14.490635
14.570453
14.650257
14.730045
14.809816
14.889568
14.969300
15.049009
15.128695
15.208355
15.287988
15.367592
15.447167
15.526710
15.606219
15.685695
15.765134
15.844536
15.923899
16.003222
16.082504
16.161742
16.240937
16.320085
16.399188
16.478242
16.557246
16.636200
16.715103
16.793952
16.872747
16.951486
17.030169
17.108795
17.187361
17.265868
17.344313
17.422696
17.501016
17.579271
17.657461
17.735584
17.813640
17.891627
17.969544
18.047391
18.125166
18.202869
18.280497
18.358051
18.435530
18.512931
18.590256
18.667501
18.744667
18.821753
18.898757
18.975680
19.052518
19.129273
19.205943
19.282527
19.359024
19.435433
19.511753
19.587984
19.664125
19.740174
19.816131
19.891995
19.967765
20.043440
20.119019
20.194502
20.269888
20.345175
20.420363
20.495451
20.570438
20.645323
20.720106
20.794785
20.869359
20.943829
21.018192
21.092449
21.166597
21.240637
21.314567
21.388387
21.462095
21.535692
21.609175
21.682544
21.755798
21.828936
21.901958
21.974862
22.047647
22.120314
22.192859
22.265284
22.337586
22.409765
22.481821
22.553751
22.625555
22.697232
22.768781
22.840202
22.911492
22.982652
23.053680
23.124575
23.195336
23.265963
23.336453
23.406806
23.477022
23.547098
23.617034
23.686829
23.756481
23.825990
23.895354
23.964573
24.033644
24.102568
24.171342
24.239966
24.308438
24.376758
24.444923
24.512933
24.580786
24.648482
24.716018
24.783393
24.850607
24.917657
24.984543
25.051263
25.117815
25.184198
25.250411
25.316453
25.382321
25.448013
25.513530
25.578868
25.644027
25.709005
25.773800
25.838410
25.902833
25.967069
26.031115
26.094969
26.158630
26.222095
26.285364
26.348433
26.411301
26.473965
26.536425
26.598677
26.660720
26.722552
26.784170
26.845571
26.906755
26.967718
27.028458
27.088973
27.149260
27.209316
27.269140
27.328728
27.388078
27.447188
27.506053
27.564672
27.623042
27.681159
27.739021
27.796625
27.853967
27.911044
27.967853
28.024391
28.080653
28.136638
28.192341
28.247758
28.302885
28.357720
28.412258
28.466494
28.520426
28.574048
28.627357
28.680348
28.733016
28.785358
28.837368
28.889041
28.940373
28.991359
29.041994
29.092271
29.142187
29.191735
29.240910
29.289706
29.338117
29.386137
29.433760
29.480979
29.527788
29.574181
29.620150
29.665688
29.710789
29.755445
29.799648
29.843391
29.886666
29.929465
29.971779
30.013599
30.054918
30.095726
30.136014
30.175773
30.214992
30.253663
30.291774
30.329316
30.366278
30.402648
30.438417
30.473571
30.508100
30.541991
30.575232
30.607810
30.639711
30.670924
30.701433
30.731226
30.760286
30.788601
30.816153
30.842928
30.868910
30.894083
30.918429
30.941931
30.964571
30.986332
31.007195
31.027141
31.046150
31.064202
31.081276
31.097352
31.112407
31.126421
31.139369
31.151228
31.161975
31.171586
31.180034
31.187295
31.193342
31.198148
31.201685
31.203925
31.204839
31.204397
31.202569
31.199324
31.194629
31.188452
31.180759
31.171517
31.160690
31.148242
31.134137
31.118336
31.100803
31.081496
31.060377
31.037405
31.012536
30.985729
30.956940
30.926124
30.893235
30.858228
30.821053
30.781663
30.740009
30.696039
30.649703
30.600948
30.549720
30.495965
30.439628
30.380652
30.318979
30.254553
30.187312
30.117196
30.044145
29.968096
29.888985
29.806749
29.721321
29.632638
29.540630
29.445231
29.346371
29.243983
29.137994
29.028334
28.914932
28.797715
28.676611
28.551544
28.422442
28.289230
28.151833
28.010175
27.864180
27.713773
27.558877
27.399416
27.235314
27.066494
26.892880
26.714396
26.530967
26.342517
26.148971
25.950255
25.746297
25.537022
25.322359
25.102239
24.876590
24.645346
24.408439
24.165804
23.917377
23.663097
23.402904
23.136740
22.864550
22.586281
22.301882
22.011305
21.714506
21.411442
21.102073
20.786366
20.464286
20.135806
19.800901
19.459548
19.111731
18.757436
18.396655
18.029382
17.655618
17.275367
16.888638
16.495444
16.095805
15.689744
15.277290
14.858477
14.433343
14.001933
13.564297
13.120488
12.670568
12.214602
11.752660
11.284819
10.811159
10.331769
9.846739
9.356167
8.860154
8.358809
7.852242
7.340571
6.823917
6.302407
5.776171
5.245344
4.710064
4.170474
3.626722
3.078956
2.527331
1.972003
1.413132
0.850880
0.285412
-0.283105
-0.854503
-1.428609
-2.005252
-2.584258
-3.165453
-3.748660
-4.333703
-4.920406
-5.508593
-6.098086
-6.688710
-7.280290
-7.872650
-8.465618
-9.059021
-9.652689
-10.246451
-10.840143
-11.433598
-12.026653
-12.619149
-13.210927
-13.801833
-14.391714
-14.980423
-15.567812
-16.153739
-16.738065
-17.320654
-17.901374
-18.480096
-19.056696
-19.631051
-20.203046
-20.772566
-21.339501
-21.903747
-22.465200
-23.023763
-23.579342
-24.131846
-24.681189
-25.227290
-25.770067
-26.309448
-26.845361
-27.377738
-27.906515
-28.431633
-28.953034
-29.470664
-29.984476
-30.494420
-31.000455
-31.502540
-32.000639
-32.494716
-32.984742
-33.470688
-33.952528
-34.430241
-34.903806
-35.373206
-35.838425
-36.299452
-36.756275
-37.208887
-37.657283
-38.101457
-38.541409
-38.977138
-39.408647
-39.835939
-40.259020
-40.677896
-41.092577
-41.503072
-41.909392
-42.311551
-42.709564
-43.103444
-43.493209
-43.878876
-44.260464
-44.637993
-45.011483
-45.380957
-45.746435
-46.107942
-46.465501
-46.819137
-47.168875
-47.514741
-47.856761
-48.194963
-48.529374
-48.860021
-49.186933
-49.510139
-49.829668
-50.145549
-50.457812
-50.766487
-51.071604
-51.373194
-51.671286
-51.965912
-52.257103
-52.544890
-52.829303
-53.110375
-53.388136
-53.662617
-53.933850
-54.201866
-54.466697
-54.728373
-54.986926
-55.242388
-55.494788
-55.744159
-55.990532
-56.233936
-56.474403
-56.711964
-56.946648
-57.178487
-57.407511
-57.633749
-57.857232
-58.077989
-58.296050
-58.511444
-58.724200
-58.934348
-59.141917
-59.346934
-59.549428
-59.749429
-59.946962
-60.142058
-60.334742
-60.525042
-60.712986
-60.898601
-61.081912
-61.262947
-61.441732
-61.618293
-61.792656
-61.964846
-62.134888
-62.302808
-62.468630
-62.632380
-62.794081
-62.953757
-63.111434
-63.267133
-63.420880
-63.572696
-63.722605
-63.870630
-64.016794
-64.161118
-64.303624
-64.444335
-64.583272
-64.720457
-64.855910
-64.989652
-65.121705
-65.252089
-65.380824
-65.507929
-65.633426
-65.757333
-65.879670
-66.000456
-66.119710
-66.237450
-66.353696
-66.468466
-66.581777
-66.693649
-66.804097
-66.913140
-67.020796
-67.127081
-67.232012
-67.335606
-67.437880
-67.538849
-67.638531
-67.736940
-67.834093
-67.930005
-68.024692
-68.118169
-68.210451
-68.301552
-68.391488
-68.480273
-68.567921
-68.654447
-68.739864
-68.824187
-68.907428
-68.989602
-69.070721
-69.150800
-69.229850
-69.307885
-69.384918
-69.460961
-69.536026
-69.610125
-69.683272
-69.755477
-69.826752
-69.897110
-69.966561
-70.035117
-70.102789
-70.169588
-70.235526
-70.300613
-70.364859
-70.428275
-70.490872
-70.552660
-70.613649
-70.673848
-70.733269
-70.791921
-70.849812
-70.906954
-70.963355
-71.019024
-71.073972
-71.128206
-71.181735
-71.234570
-71.286717
-71.338187
-71.388986
-71.439125
-71.488610
-71.537451
-71.585655
-71.633231
-71.680185
-71.726526
-71.772262
-71.817400
-71.861948
-71.905912
-71.949301
-71.992121
-72.034379
-72.076084
-72.117240
-72.157856
-72.197938
-72.237492
-72.276525
-72.315044
-72.353056
-72.390565
-72.427579
-72.464104
-72.500145
-72.535710
-72.570802
-72.605430
-72.639597
-72.673311
-72.706576
-72.739398
-72.771782
-72.803734
-72.835259
-72.866363
-72.897050
-72.927326
-72.957196
-72.986664
-73.015736
-73.044416
-73.072709
-73.100621
-73.128154
-73.155315
-73.182107
-73.208535
-73.234604
-73.260317
-73.285680
-73.310696
-73.335369
-73.359703
-73.383703
-73.407373
-73.430716
-73.453737
-73.476439
-73.498825
-73.520901
-73.542668
-73.564132
-73.585295
-73.606162
-73.626735
-73.647017
-73.667013
-73.686726
-73.706159
-73.725315
-73.744197
-73.762809
-73.781153
-73.799233
-73.817051
-73.834612
-73.851916
-73.868968
-73.885771
-73.902326
-73.918637
-73.934707
-73.950537
-73.966132
-73.981493
-73.996622
-74.011524
-74.026199
-74.040650
-74.054881
-74.068892
-74.082687
-74.096267
-74.109636
-74.122795
-74.135746
-74.148492
-74.161034
-74.173376
-74.185518
-74.197462
-74.209212
-74.220768
-74.232134
-74.243309
-74.254297
-74.265099
-74.275718
-74.286154
-74.296410
-74.306486
-74.316386
-74.326111
-74.335661
-74.345039
-74.354247
-74.363285
-74.372156
-74.380860
-74.389400
-74.397777
-74.405991
-74.414045
-74.421939
-74.429676
-74.437256
-74.444681
-74.451951
-74.459068
-74.466034
-74.472849
-74.479515
-74.486032
-74.492402
-74.498625
-74.504703
-74.510637
-74.516428
-74.522077
-74.527584
-74.532951
-74.538178
-74.543266
-74.548217
-74.553031
-74.557708
-74.562250
-74.566658
-74.570931
-74.575071
-74.579079
-74.582954
-74.586699
-74.590312
-74.593796
-74.597150
-74.600376
-74.603472
-74.606442
-74.609283
-74.611998
-74.614586
-74.617049
-74.619385
-74.621597
-74.623683
-74.625645
-74.627483
-74.629197
-74.630787
-74.632254
-74.633598
-74.634819
-74.635918
-74.636894
-74.637747
-74.638478
-74.639088
-74.639575
-74.639940
-74.640184
-74.640306
-74.640306
