-74.615722
-74.615722
-74.615594
-74.615338
-74.614955
-74.614443
-74.613804
-74.613036
-74.612141
-74.611116
-74.609964
-74.608682
-74.607271
-74.605732
-74.604062
-74.602263
-74.600334
-74.598275
-74.596085
-74.593763
-74.591311
-74.588726
-74.586009
-74.583159
-74.580176
-74.577059
-74.573808
-74.570422
-74.566900
-74.563243
-74.559449
-74.555517
-74.551448
-74.547240
-74.542893
-74.538406
-74.533778
-74.529008
-74.524096
-74.519041
-74.513841
-74.508497
-74.503007
-74.497370
-74.491586
-74.485652
-74.479570
-74.473336
-74.466951
-74.460412
-74.453720
-74.446873
-74.439870
-74.432709
-74.425390
-74.417911
-74.410270
-74.402468
-74.394501
-74.386370
-74.378072
-74.369607
-74.360972
-74.352167
-74.343189
-74.334038
-74.324712
-74.315209
-74.305527
-74.295666
-74.285622
-74.275396
-74.264984
-74.254386
-74.243598
-74.232621
-74.221451
-74.210087
-74.198527
-74.186769
-74.174810
-74.162650
-74.150286
-74.137715
-74.124937
-74.111947
-74.098746
-74.085329
-74.071695
-74.057842
-74.043767
-74.029468
-74.014942
-74.000187
-73.985201
-73.969981
-73.954524
-73.938828
-73.922891
-73.906708
-73.890279
-73.873599
-73.856667
-73.839479
-73.822032
-73.804324
-73.786351
-73.768111
-73.749600
-73.730816
-73.711754
-73.692412
-73.672787
-73.652876
-73.632674
-73.612178
-73.591386
-73.570293
-73.548897
-73.527192
-73.505177
-73.482846
-73.460197
-73.437225
-73.413926
-73.390298
-73.366334
-73.342033
-73.317389
-73.292398
-73.267056
-73.241359
-73.215303
-73.188883
-73.162094
-73.134933
-73.107394
-73.079473
-73.051165
-73.022466
-72.993370
-72.963873
-72.933969
-72.903655
-72.872923
-72.841771
-72.810191
-72.778179
-72.745730
-72.712837
-72.679496
-72.645701
-72.611445
-72.576724
-72.541532
-72.505862
-72.469709
-72.433066
-72.395927
-72.358287
-72.320138
-72.281474
-72.242289
-72.202577
-72.162330
-72.121542
-72.080205
-72.038314
-71.995860
-71.952837
-71.909238
-71.865055
-71.820281
-71.774908
-71.728929
-71.682336
-71.635121
-71.587276
-71.538793
-71.489665
-71.439882
-71.389437
-71.338321
-71.286525
-71.234041
-71.180861
-71.126974
-71.072373
-71.017047
-70.960989
-70.904188
-70.846634
-70.788319
-70.729233
-70.669366
-70.608707
-70.547247
-70.484975
-70.421881
-70.357955
-70.293186
-70.227563
-70.161075
-70.093711
-70.025460
-69.956311
-69.886252
-69.815272
-69.743359
-69.670500
-69.596685
-69.521900
-69.446133
-69.369372
-69.291605
-69.212817
-69.132997
-69.052131
-68.970206
-68.887208
-68.803124
-68.717939
-68.631641
-68.544214
-68.455645
-68.365919
-68.275021
-68.182936
-68.089650
-67.995147
-67.899412
-67.802428
-67.704182
-67.604655
-67.503833
-67.401699
-67.298236
-67.193427
-67.087257
-66.979707
-66.870760
-66.760399
-66.648605
-66.535362
-66.420651
-66.304453
-66.186749
-66.067522
-65.946752
-65.824420
-65.700506
-65.574991
-65.447855
-65.319077
-65.188638
-65.056516
-64.922692
-64.787144
-64.649850
-64.510790
-64.369942
-64.227283
-64.082792
-63.936446
-63.788222
-63.638098
-63.486051
-63.332057
-63.176092
-63.018133
-62.858156
-62.696136
-62.532049
-62.365871
-62.197575
-62.027137
-61.854532
-61.679733
-61.502715
-61.323451
-61.141916
-60.958081
-60.771921
-60.583409
-60.392516
-60.199216
-60.003480
-59.805281
-59.604590
-59.401379
-59.195619
-58.987281
-58.776336
-58.562755
-58.346509
-58.127567
-57.905900
-57.681477
-57.454270
-57.224246
-56.991376
-56.755628
-56.516973
-56.275378
-56.030814
-55.783248
-55.532650
-55.278987
-55.022229
-54.762343
-54.499299
-54.233064
-53.963606
-53.690895
-53.414898
-53.135583
-52.852918
-52.566873
-52.277415
-51.984513
-51.688136
-51.388251
-51.084829
-50.777837
-50.467247
-50.153025
-49.835144
-49.513572
-49.188280
-48.859239
-48.526419
-48.189793
-47.849332
-47.505008
-47.156795
-46.804665
-46.448594
-46.088556
-45.724526
-45.356481
-44.984397
-44.608252
-44.228026
-43.843697
-43.455246
-43.062656
-42.665908
-42.264987
-41.859878
-41.450567
-41.037043
-40.619294
-40.197312
-39.771088
-39.340618
-38.905895
-38.466918
-38.023686
-37.576201
-37.124465
-36.668484
-36.208265
-35.743819
-35.275157
-34.802293
-34.325246
-33.844033
-33.358679
-32.869206
-32.375644
-31.878023
-31.376377
-30.870742
-30.361159
-29.847670
-29.330322
-28.809165
-28.284251
-27.755639
-27.223387
-26.687560
-26.148225
-25.605454
-25.059321
-24.509907
-23.957292
-23.401565
-22.842815
-22.281137
-21.716629
-21.149393
-20.579536
-20.007168
-19.432402
-18.855357
-18.276154
-17.694918
-17.111779
-16.526868
-15.940324
-15.352284
-14.762893
-14.172297
-13.580644
-12.988089
-12.394785
-11.800891
-11.206569
-10.611980
-10.017291
-9.422669
-8.828283
-8.234304
-7.640905
-7.048259
-6.456541
-5.865927
-5.276593
-4.688715
-4.102471
-3.518036
-2.935586
-2.355298
-1.777347
-1.201905
-0.629145
-0.059237
0.507648
1.071345
1.631689
2.188518
2.741672
3.290995
3.836335
4.377540
4.914465
5.446968
5.974909
6.498154
7.016573
7.530040
8.038434
8.541638
9.039541
9.532034
10.019017
10.500393
10.976069
11.445958
11.909981
12.368060
12.820124
13.266108
13.705952
14.139601
14.567005
14.988119
15.402904
15.811327
16.213358
16.608972
16.998151
17.380881
17.757151
18.126958
18.490299
18.847180
19.197609
19.541598
19.879164
20.210327
20.535111
20.853545
21.165660
21.471491
21.771076
22.064455
22.351674
22.632779
22.907819
23.176847
23.439917
23.697085
23.948411
24.193955
24.433780
24.667950
24.896530
25.119588
25.337192
25.549413
25.756320
25.957985
26.154481
26.345881
26.532259
26.713689
26.890246
27.062004
27.229040
27.391429
27.549245
27.702565
27.851465
27.996018
28.136300
28.272387
28.404351
28.532268
28.656210
28.776250
28.892462
29.004916
29.113684
29.218836
29.320441
29.418570
29.513289
29.604667
29.692769
29.777662
29.859410
29.938076
30.013725
30.086417
30.156214
30.223177
30.287363
30.348832
30.407641
30.463845
30.517500
30.568661
30.617380
30.663710
30.707703
30.749409
30.788876
30.826154
30.861291
30.894332
30.925323
30.954310
30.981335
31.006442
31.029673
31.051069
31.070669
31.088514
31.104642
31.119090
31.131896
31.143094
31.152722
31.160812
31.167398
31.172514
31.176192
31.178462
31.179355
31.178902
31.177132
31.174073
31.169752
31.164199
31.157437
31.149495
31.140396
31.130167
31.118830
31.106410
31.092928
31.078409
31.062873
31.046343
31.028838
31.010379
30.990986
30.970678
30.949474
30.927392
30.904451
30.880667
30.856059
30.830641
30.804432
30.777446
30.749699
30.721206
30.691982
30.662040
30.631396
30.600062
30.568052
30.535379
30.502055
30.468093
30.433504
30.398301
30.362495
30.326097
30.289117
30.251567
30.213457
30.174797
30.135597
30.095866
30.055613
30.014848
29.973581
29.931818
29.889570
29.846843
29.803647
29.759989
29.715877
29.671319
29.626321
29.580891
29.535036
29.488762
29.442077
29.394987
29.347497
29.299615
29.251347
29.202698
29.153674
29.104280
29.054523
29.004408
28.953939
28.903122
28.851963
28.800465
28.748634
28.696475
28.643991
28.591188
28.538070
28.484641
28.430905
28.376866
28.322529
28.267897
28.212975
28.157765
28.102272
28.046499
27.990449
27.934127
27.877535
27.820677
27.763556
27.706175
27.648537
27.590645
27.532503
27.474113
27.415477
27.356600
27.297482
27.238128
27.178540
27.118720
27.058671
26.998396
26.937896
26.877174
26.816233
26.755075
26.693701
26.632115
26.570319
26.508313
26.446102
26.383686
26.321068
26.258249
26.195233
26.132019
26.068611
26.005010
25.941219
25.877238
25.813069
25.748715
25.684177
25.619457
25.554556
25.489476
25.424218
25.358784
25.293176
25.227395
25.161443
25.095320
25.029029
24.962571
24.895948
24.829160
24.762209
24.695097
24.627824
24.560392
24.492803
24.425057
24.357156
24.289101
24.220894
24.152535
24.084026
24.015367
23.946561
23.877608
23.808509
23.739266
23.669879
23.600350
23.530680
23.460870
23.390920
23.320832
23.250608
23.180247
23.109752
23.039122
22.968359
22.897465
22.826439
22.755284
22.683999
22.612587
22.541047
22.469381
22.397589
22.325674
22.253635
22.181473
22.109190
22.036786
21.964262
21.891620
21.818859
21.745982
21.672988
21.599878
21.526654
21.453317
21.379867
21.306304
21.232631
21.158848
21.084955
21.010953
20.936844
20.862629
20.788307
20.713880
20.639348
20.564713
20.489976
20.415137
20.340197
20.265156
20.190017
20.114779
20.039443
19.964010
19.888482
19.812858
19.737141
19.661330
19.585426
19.509430
19.433344
19.357168
19.280902
19.204548
19.128107
19.051579
18.974966
18.898268
18.821486
18.744620
18.667673
18.590644
18.513535
18.436347
18.359080
18.281735
18.204314
18.126816
18.049245
17.971599
17.893880
17.816089
17.738228
17.660296
17.582295
17.504227
17.426091
17.347889
17.269623
17.191292
17.112899
17.034444
16.955928
16.877352
16.798718
16.720027
16.641279
16.562476
16.483619
16.404710
16.325748
16.246736
16.167675
16.088566
16.009410
15.930209
15.850963
15.771675
15.692344
15.612974
15.533564
15.454117
15.374634
15.295116
15.215564
15.135981
15.056367
14.976724
14.897053
14.817357
14.737636
14.657892
14.578127
14.498343
14.418540
14.338722
14.258888
14.179042
14.099185
14.019318
13.939444
13.859564
13.779680
13.699795
13.619909
13.540025
13.460146
13.380272
13.300406
13.220550
13.140706
13.060877
12.981064
12.901269
12.821496
12.741745
12.662021
12.582324
12.502657
12.423023
12.343424
12.263862
12.184341
12.104862
12.025429
11.946044
11.866709
11.787428
11.708203
11.629037
11.549933
11.470894
11.391923
11.313022
11.234196
11.155446
11.076776
10.998190
10.919690
10.841279
10.762962
10.684742
10.606621
10.528604
10.450694
10.372894
10.295209
10.217642
10.140196
10.062875
9.985685
9.908627
9.831706
9.754927
9.678293
9.601809
9.525479
9.449306
9.373296
9.297453
9.221780
9.146284
9.070967
8.995836
8.920894
8.846146
8.771598
8.697254
8.623119
8.549198
8.475496
8.402018
8.328770
8.255757
8.182984
8.110457
8.038181
7.966162
7.894405
7.822917
7.751702
7.680768
7.610119
7.539762
7.469703
7.399948
7.330503
7.261375
7.192570
7.124095
7.055955
6.988159
6.920712
6.853621
6.786894
6.720536
6.654556
6.588960
6.523755
6.458949
6.394550
6.330564
6.266999
6.203862
6.141163
6.078907
6.017104
5.955761
5.894886
5.834487
5.774573
5.715151
5.656231
5.597821
5.539929
5.482564
5.425735
5.369450
5.313719
5.258551
5.203954
5.149939
5.096514
5.043688
4.991472
4.939875
4.888906
4.838576
4.788894
4.739870
4.691515
4.643838
4.596850
4.550561
4.504982
4.460123
4.415995
4.372609
4.329976
4.288106
4.247012
4.206703
4.167191
4.128489
4.090606
4.053556
4.017349
3.981998
3.947514
3.913910
3.881197
3.849389
3.818497
3.788535
3.759514
3.731448
3.704349
3.678231
3.653107
3.628990
3.605893
3.583830
3.562815
3.542862
3.523984
3.506196
3.489511
3.473946
3.459513
3.446228
3.434105
3.423161
3.413409
3.404865
3.397545
3.391465
3.386641
3.383088
3.380823
3.378985
3.380823
3.383088
3.386641
3.391465
3.397545
3.404865
3.413409
3.423161
3.434105
3.446228
3.459513
3.473946
3.489511
3.506196
3.523984
3.542862
3.562815
3.583830
3.605893
3.628990
3.653107
3.678231
3.704349
3.731448
3.759514
3.788535
3.818497
3.849389
3.881197
3.913910
3.947514
3.981998
4.017349
4.053556
4.090606
4.128489
4.167191
4.206703
4.247012
4.288106
4.329976
4.372609
4.415995
4.460123
4.504982
4.550561
4.596850
4.643838
4.691515
4.739870
4.788894
4.838576
4.888906
4.939875
4.991472
5.043688
5.096514
5.149939
5.203954
5.258551
5.313719
5.369450
5.425735
5.482564
5.539929
5.597821
5.656231
5.715151
5.774573
5.834487
5.894886
5.955761
6.017104
6.078907
6.141163
6.203862
6.266999
6.330564
6.394550
6.458949
6.523755
6.588960
6.654556
6.720536
6.786894
6.853621
6.920712
6.988159
7.055955
7.124095
7.192570
7.261375
7.330503
7.399948
7.469703
7.539762
7.610119
7.680768
7.751702
7.822917
7.894405
7.966162
8.038181
8.110457
8.182984
8.255757
8.328770
8.402018
8.475496
8.549198
8.623119
8.697254
8.771598
8.846146
8.920894
8.995836
9.070967
9.146284
9.221780
9.297453
9.373296
9.449306
9.525479
9.601809
9.678293
9.754927
9.831706
9.908627
9.985685
10.062875
10.140196
10.217642
10.295209
10.372894
10.450694
10.528604
10.606621
10.684742
10.762962
10.841279
10.919690
10.998190
11.076776
11.155446
11.234196
11.313022
11.391923
11.470894
11.549933
11.629037
11.708203
11.787428
11.866709
11.946044
12.025429
12.104862
12.184341
12.263862
12.343424
12.423023
12.502657
12.582324
12.662021
12.741745
12.821496
12.901269
12.981064
13.060877
13.140706
13.220550
13.300406
13.380272
13.460146
13.540025
13.619909
13.699795
13.779680
13.859564
13.939444
14.019318
14.099185
14.179042
14.258888
14.338722
14.418540
14.498343
14.578127
14.657892
14.737636
14.817357
14.897053
14.976724
15.056367
15.135981
15.215564
15.295116
15.374634
15.454117
15.533564
15.612974
15.692344
15.771675
15.850963
15.930209
16.009410
16.088566
16.167675
16.246736
16.325748
16.404710
16.483619
16.562476
16.641279
16.720027
16.798718
16.877352
16.955928
17.034444
17.112899
17.191292
17.269623
17.347889
17.426091
17.504227
17.582295
17.660296
17.738228
17.816089
17.893880
17.971599
18.049245
18.126816
18.204314
18.281735
18.359080
18.436347
18.513535
18.590644
18.667673
18.744620
18.821486
18.898268
18.974966
19.051579
19.128107
19.204548
19.280902
19.357168
19.433344
19.509430
19.585426
19.661330
19.737141
19.812858
19.888482
19.964010
20.039443
20.114779
20.190017
20.265156
20.340197
20.415137
20.489976
20.564713
20.639348
20.713880
20.788307
20.862629
20.936844
21.010953
21.084955
21.158848
21.232631
21.306304
21.379867
21.453317
21.526654
21.599878
21.672988
21.745982
21.818859
21.891620
21.964262
22.036786
22.109190
22.181473
22.253635
22.325674
22.397589
22.469381
22.541047
22.612587
22.683999
22.755284
22.826439
22.897465
22.968359
23.039122
23.109752
23.180247
23.250608
23.320832
23.390920
23.460870
23.530680
23.600350
23.669879
23.739266
23.808509
23.877608
23.946561
24.015367
24.084026
24.152535
24.220894
24.289101
24.357156
24.425057
24.492803
24.560392
24.627824
24.695097
24.762209
24.829160
24.895948
24.962571
25.029029
25.095320
25.161443
25.227395
25.293176
25.358784
25.424218
25.489476
25.554556
25.619457
25.684177
25.748715
25.813069
25.877238
25.941219
26.005010
26.068611
26.132019
26.195233
26.258249
26.321068
26.383686
26.446102
26.508313
26.570319
26.632115
26.693701
26.755075
26.816233
26.877174
26.937896
26.998396
27.058671
27.118720
27.178540
27.238128
27.297482
27.356600
27.415477
27.474113
27.532503
27.590645
27.648537
27.706175
27.763556
27.820677
27.877535
27.934127
27.990449
28.046499
28.102272
28.157765
28.212975
28.267897
28.322529
28.376866
28.430905
28.484641
28.538070
28.591188
28.643991
28.696475
28.748634
28.800465
28.851963
28.903122
28.953939
29.004408
29.054523
29.104280
29.153674
29.202698
29.251347
29.299615
29.347497
29.394987
29.442077
29.488762
29.535036
29.580891
29.626321
29.671319
29.715877
29.759989
29.803647
29.846843
29.889570
29.931818
29.973581
30.014848
30.055613
30.095866
30.135597
30.174797
30.213457
30.251567
30.289117
30.326097
30.362495
30.398301
30.433504
30.468093
30.502055
30.535379
30.568052
30.600062
30.631396
30.662040
30.691982
30.721206
30.749699
30.777446
30.804432
30.830641
30.856059
30.880667
30.904451
30.927392
30.949474
30.970678
30.990986
31.010379
31.028838
31.046343
31.062873
31.078409
31.092928
31.106410
31.118830
31.130167
31.140396
31.149495
31.157437
31.164199
31.169752
31.174073
31.177132
31.178902
31.179355
31.178462
31.176192
31.172514
31.167398
31.160812
31.152722
31.143094
31.131896
31.119090
31.104642
31.088514
31.070669
31.051069
31.029673
31.006442
30.981335
30.954310
30.925323
30.894332
30.861291
30.826154
30.788876
30.749409
30.707703
30.663710
30.617380
30.568661
30.517500
30.463845
30.407641
30.348832
30.287363
30.223177
30.156214
30.086417
30.013725
29.938076
29.859410
29.777662
29.692769
29.604667
29.513289
29.418570
29.320441
29.218836
29.113684
29.004916
28.892462
28.776250
28.656210
28.532268
28.404351
28.272387
28.136300
27.996018
27.851465
27.702565
27.549245
27.391429
27.229040
27.062004
26.890246
26.713689
26.532259
26.345881
26.154481
25.957985
25.756320
25.549413
25.337192
25.119588
24.896530
24.667950
24.433780
24.193955
23.948411
23.697085
23.439917
23.176847
22.907819
22.632779
22.351674
22.064455
21.771076
21.471491
21.165660
20.853545
20.535111
20.210327
19.879164
19.541598
19.197609
18.847180
18.490299
18.126958
17.757151
17.380881
16.998151
16.608972
16.213358
15.811327
15.402904
14.988119
14.567005
14.139601
13.705952
13.266108
12.820124
12.368060
11.909981
11.445958
10.976069
10.500393
10.019017
9.532034
9.039541
8.541638
8.038434
7.530040
7.016573
6.498154
5.974909
5.446968
4.914465
4.377540
3.836335
3.290995
2.741672
2.188518
1.631689
1.071345
0.507648
-0.059237
-0.629145
-1.201905
-1.777347
-2.355298
-2.935586
-3.518036
-4.102471
-4.688715
-5.276593
-5.865927
-6.456541
-7.048259
-7.640905
-8.234304
-8.828283
-9.422669
-10.017291
-10.611980
-11.206569
-11.800891
-12.394785
-12.988089
-13.580644
-14.172297
-14.762893
-15.352284
-15.940324
-16.526868
-17.111779
-17.694918
-18.276154
-18.855357
-19.432402
-20.007168
-20.579536
-21.149393
-21.716629
-22.281137
-22.842815
-23.401565
-23.957292
-24.509907
-25.059321
-25.605454
-26.148225
-26.687560
-27.223387
-27.755639
-28.284251
-28.809165
-29.330322
-29.847670
-30.361159
-30.870742
-31.376377
-31.878023
-32.375644
-32.869206
-33.358679
-33.844033
-34.325246
-34.802293
-35.275157
-35.743819
-36.208265
-36.668484
-37.124465
-37.576201
-38.023686
-38.466918
-38.905895
-39.340618
-39.771088
-40.197312
-40.619294
-41.037043
-41.450567
-41.859878
-42.264987
-42.665908
-43.062656
-43.455246
-43.843697
-44.228026
-44.608252
-44.984397
-45.356481
-45.724526
-46.088556
-46.448594
-46.804665
-47.156795
-47.505008
-47.849332
-48.189793
-48.526419
-48.859239
-49.188280
-49.513572
-49.835144
-50.153025
-50.467247
-50.777837
-51.084829
-51.388251
-51.688136
-51.984513
-52.277415
-52.566873
-52.852918
-53.135583
-53.414898
-53.690895
-53.963606
-54.233064
-54.499299
-54.762343
-55.022229
-55.278987
-55.532650
-55.783248
-56.030814
-56.275378
-56.516973
-56.755628
-56.991376
-57.224246
-57.454270
-57.681477
-57.905900
-58.127567
-58.346509
-58.562755
-58.776336
-58.987281
-59.195619
-59.401379
-59.604590
-59.805281
-60.003480
-60.199216
-60.392516
-60.583409
-60.771921
-60.958081
-61.141916
-61.323451
-61.502715
-61.679733
-61.854532
-62.027137
-62.197575
-62.365871
-62.532049
-62.696136
-62.858156
-63.018133
-63.176092
-63.332057
-63.486051
-63.638098
-63.788222
-63.936446
-64.082792
-64.227283
-64.369942
-64.510790
-64.649850
-64.787144
-64.922692
-65.056516
-65.188638
-65.319077
-65.447855
-65.574991
-65.700506
-65.824420
-65.946752
-66.067522
-66.186749
-66.304453
-66.420651
-66.535362
-66.648605
-66.760399
-66.870760
-66.979707
-67.087257
-67.193427
-67.298236
-67.401699
-67.503833
-67.604655
-67.704182
-67.802428
-67.899412
-67.995147
-68.089650
-68.182936
-68.275021
-68.365919
-68.455645
-68.544214
-68.631641
-68.717939
-68.803124
-68.887208
-68.970206
-69.052131
-69.132997
-69.212817
-69.291605
-69.369372
-69.446133
-69.521900
-69.596685
-69.670500
-69.743359
-69.815272
-69.886252
-69.956311
-70.025460
-70.093711
-70.161075
-70.227563
-70.293186
-70.357955
-70.421881
-70.484975
-70.547247
-70.608707
-70.669366
-70.729233
-70.788319
-70.846634
-70.904188
-70.960989
-71.017047
-71.072373
-71.126974
-71.180861
-71.234041
-71.286525
-71.338321
-71.389437
-71.439882
-71.489665
-71.538793
-71.587276
-71.635121
-71.682336
-71.728929
-71.774908
-71.820281
-71.865055
-71.909238
-71.952837
-71.995860
-72.038314
-72.080205
-72.121542
-72.162330
-72.202577
-72.242289
-72.281474
-72.320138
-72.358287
-72.395927
-72.433066
-72.469709
-72.505862
-72.541532
-72.576724
-72.611445
-72.645701
-72.679496
-72.712837
-72.745730
-72.778179
-72.810191
-72.841771
-72.872923
-72.903655
-72.933969
-72.963873
-72.993370
-73.022466
-73.051165
-73.079473
-73.107394
-73.134933
-73.162094
-73.188883
-73.215303
-73.241359
-73.267056
-73.292398
-73.317389
-73.342033
-73.366334
-73.390298
-73.413926
-73.437225
-73.460197
-73.482846
-73.505177
-73.527192
-73.548897
-73.570293
-73.591386
-73.612178
-73.632674
-73.652876
-73.672787
-73.692412
-73.711754
-73.730816
-73.749600
-73.768111
-73.786351
-73.804324
-73.822032
-73.839479
-73.856667
-73.873599
-73.890279
-73.906708
-73.922891
-73.938828
-73.954524
-73.969981
-73.985201
-74.000187
-74.014942
-74.029468
-74.043767
-74.057842
-74.071695
-74.085329
-74.098746
-74.111947
-74.124937
-74.137715
-74.150286
-74.162650
-74.174810
-74.186769
-74.198527
-74.210087
-74.221451
-74.232621
-74.243598
-74.254386
-74.264984
-74.275396
-74.285622
-74.295666
-74.305527
-74.315209
-74.324712
-74.334038
-74.343189
-74.352167
-74.360972
-74.369607
-74.378072
-74.386370
-74.394501
-74.402468
-74.410270
-74.417911
-74.425390
-74.432709
-74.439870
-74.446873
-74.453720
-74.460412
-74.466951
-74.473336
-74.479570
-74.485652
-74.491586
-74.497370
-74.503007
-74.508497
-74.513841
-74.519041
-74.524096
-74.529008
-74.533778
-74.538406
-74.542893
-74.547240
-74.551448
-74.555517
-74.559449
-74.563243
-74.566900
-74.570422
-74.573808
-74.577059
-74.580176
-74.583159
-74.586009
-74.588726
-74.591311
-74.593763
-74.596085
-74.598275
-74.600334
-74.602263
-74.604062
-74.605732
-74.607271
-74.608682
-74.609964
-74.611116
-74.612141
-74.613036
-74.613804
-74.614443
-74.614955
-74.615338
-74.615594
-74.615722
-74.615722
