t_end=3.000000
time_step=0.010000
-8.945495
-8.945495
-8.764433
-8.455133
-8.036988
-7.527039
-6.940048
-6.288735
-5.584032
-4.835318
-4.050629
-3.236825
-2.399744
-1.544339
-0.674791
0.205388
1.093275
1.986449
2.882918
3.781064
4.679554
5.577211
6.473033
7.366157
8.255828
9.141380
10.022205
10.897748
11.767486
12.630920
13.487567
14.336948
15.178589
16.012008
16.836713
17.652197
18.457926
19.253339
20.037833
20.810758
21.571403
22.318979
23.052605
23.771279
24.473858
25.159010
25.825171
26.470485
27.092720
27.689165
28.256492
28.790578
29.286274
29.737096
30.134834
30.469037
30.726369
30.889773
30.937521
30.842024
30.568533
30.073851
29.305307
28.200427
26.688048
24.691757
22.136719
18.960501
15.127492
10.644295
5.571384
0.025155
-5.833223
-11.820460
-17.758055
-23.494570
-28.917789
-33.956466
-38.574976
-42.764934
-46.536726
-49.912449
-52.920640
-55.592644
-57.960250
-60.054262
-61.903678
-63.535287
-64.973515
-66.240435
-67.355860
-68.337494
-69.201096
-69.960656
-70.628567
-71.215789
-71.732005
-72.185754
-72.584568
-72.935080
-73.243132
-73.513864
-73.751800
-73.960917
-74.144712
-74.306259
-74.448259
-74.573086
-74.682828
-74.779316
-74.864161
-74.938777
-75.004405
-75.062136
-75.112928
-75.157623
-75.196959
-75.231585
-75.262071
-75.288919
-75.312567
-75.333402
-75.351762
-75.367947
-75.382218
-75.394804
-75.405907
-75.415707
-75.424357
-75.431996
-75.438744
-75.444707
-75.449979
-75.454640
-75.458764
-75.462413
-75.465645
-75.468506
-75.471042
-75.473289
-75.475283
-75.477051
-75.478620
-75.480013
-75.481251
-75.482350
-75.483328
-75.484198
-75.484971
-75.485660
-75.486273
-75.486819
-75.487305
-75.487739
-75.488126
-75.488471
-75.488779
-75.489054
-75.489299
-75.489519
-75.489714
-75.489889
-75.490046
-75.490186
-75.490311
-75.490423
-75.490523
-75.490612
-75.490692
-75.490764
-75.490828
-75.490886
-75.490937
-75.490983
-75.491024
-75.491061
-75.491094
-75.491123
-75.491149
-75.491173
-75.491194
-75.491213
-75.491229
-75.491244
-75.491257
-75.491269
-75.491279
-75.491289
-75.491297
-75.491304
-75.491310
-75.491315
-75.491319
-75.491323
-75.491326
-75.491329
-75.491330
-75.491332
-75.491332
-75.491332
