t_end=3.000000
time_step=0.050000
-28.200173
-28.200173
-27.953887
-27.586919
-27.118801
-26.566550
-25.944645
-25.265211
-24.538291
-23.772171
-22.973658
-22.148326
-21.300740
-20.434634
-19.553063
-18.658526
-17.753081
-16.838430
-15.915994
-14.986969
-14.052378
-13.113101
-12.169912
-11.223490
-10.274447
-9.323338
-8.370678
-7.416955
-6.462602
-5.508048
-4.553707
-3.599980
-2.647259
-1.695928
-0.746364
0.201058
1.145966
2.087992
3.026763
3.961910
4.893058
5.819832
6.741851
7.658727
8.570069
9.475474
10.374530
11.266811
12.151878
13.029272
13.898511
14.759088
15.610465
16.452063
17.283259
18.103372
18.911658
19.707287
20.489337
21.256763
22.008381
22.742830
23.458539
24.153677
24.826101
25.473277
26.092201
26.679286
27.230229
27.739849
28.201877
28.608706
28.951085
29.217737
29.394910
29.465828
29.410062
29.202801
28.814073
28.207970
27.341992
26.166785
24.626639
22.661424
20.210863
17.222147
13.661412
9.527983
4.867286
-0.224210
-5.607525
-11.122237
-16.611947
-21.944434
-27.021568
-31.779823
-36.185214
-40.226261
-43.907211
-47.242469
-50.252442
-52.960618
-55.391598
-57.569845
-59.518909
-61.260991
-62.816714
-64.205044
-65.443293
-66.547178
-67.530906
-68.407282
-69.187818
-69.882841
-70.501604
-71.052390
-71.542599
-71.978843
-72.367024
-72.712407
-73.019689
-73.293053
-73.536229
-73.752541
-73.944946
-74.116081
-74.268290
-74.403663
-74.524058
-74.631129
-74.726348
-74.811026
-74.886327
-74.953289
-75.012834
-75.065782
-75.112865
-75.154730
-75.191955
-75.225055
-75.254485
-75.280653
-75.303919
-75.324605
-75.342997
-75.359349
-75.373887
-75.386813
-75.398304
-75.408521
-75.417603
-75.425678
-75.432857
-75.439239
-75.444912
-75.449955
-75.454439
-75.458426
-75.461970
-75.465120
-75.467921
-75.470410
-75.472624
-75.474591
-75.476339
-75.477893
-75.479275
-75.480503
-75.481594
-75.482563
-75.483425
-75.484190
-75.484870
-75.485474
-75.486011
-75.486487
-75.486910
-75.487286
-75.487619
-75.487914
-75.488176
-75.488408
-75.488614
-75.488795
-75.488956
-75.489097
-75.489221
-75.489330
-75.489425
-75.489508
-75.489580
-75.489641
-75.489693
-75.489736
-75.489771
-75.489798
-75.489819
-75.489832
-75.489839
-75.489839
