t_end=3.000000
time_step=0.100000
-27.152587
-27.152587
-26.885119
-26.501400
-26.019510
-25.455287
-24.822316
-24.132091
-23.394232
-22.616742
-21.806236
-20.968174
-20.107038
-19.226525
-18.329696
-17.419077
-16.496763
-15.564525
-14.623863
-13.676048
-12.722190
-11.763259
-10.800117
-9.833527
-8.864197
-7.892779
-6.919867
-5.946019
-4.971782
-3.997667
-3.024164
-2.051762
-1.080936
-0.112147
0.854149
1.817482
2.777393
3.733427
4.685106
5.631950
6.573477
7.509190
8.438560
9.361049
10.276099
11.183110
12.081447
12.970443
13.849377
14.717458
15.573835
16.417577
17.247645
18.062889
18.862027
19.643621
20.406032
21.147411
21.865651
22.558333
23.222679
23.855493
24.453080
25.011153
25.524740
25.988059
26.394366
26.735795
27.003160
27.185724
27.270924
27.244075
27.088010
26.782681
26.304733
25.627063
24.718394
23.542988
22.060670
20.227502
17.997717
15.327878
12.184340
8.554329
4.458679
-0.039286
-4.835547
-9.800092
-14.798671
-19.712212
-24.447873
-28.941454
-33.154222
-37.067524
-40.677296
-43.989409
-47.016091
-49.773333
-52.279073
-54.551979
-56.610638
-58.473060
-60.156367
-61.676631
-63.048793
-64.286654
-65.402889
-66.409096
-67.315855
-68.132792
-68.868648
-69.531353
-70.128084
-70.665339
-71.148989
-71.584339
-71.976177
-72.328825
-72.646181
-72.931760
-73.188729
-73.419943
-73.627975
-73.815141
-73.983529
-74.135017
-74.271298
-74.393895
-74.504179
-74.603385
-74.692624
-74.772895
-74.845098
-74.910042
-74.968457
-75.020998
-75.068255
-75.110758
-75.148986
-75.183367
-75.214289
-75.242099
-75.267109
-75.289602
-75.309829
-75.328020
-75.344379
-75.359090
-75.372318
-75.384214
-75.394910
-75.404528
-75.413176
-75.420953
-75.427944
-75.434231
-75.439883
-75.444965
-75.449534
-75.453642
-75.457336
-75.460656
-75.463642
-75.466327
-75.468740
-75.470910
-75.472861
-75.474615
-75.476191
-75.477608
-75.478882
-75.480026
-75.481054
-75.481978
-75.482808
-75.483553
-75.484222
-75.484822
-75.485360
-75.485843
-75.486275
-75.486662
-75.487008
-75.487318
-75.487593
-75.487838
-75.488056
-75.488248
-75.488418
-75.488567
-75.488696
-75.488807
-75.488902
-75.488982
-75.489046
-75.489098
-75.489135
-75.489160
-75.489173
-75.489173
