t_end=3.000000
time_step=0.002500
4.113689
4.113689
4.256693
4.515079
4.872073
5.313291
5.826347
6.400463
7.026184
7.695156
8.399984
9.134119
9.891773
10.667850
11.457876
12.257949
13.064693
13.875220
14.687109
15.498247
16.306785
17.111098
17.909757
18.701485
19.485123
20.259599
21.023885
21.776977
22.517859
23.245471
23.958680
24.656242
25.336755
25.998613
26.639932
27.258471
27.851521
28.415760
28.947069
29.440281
29.888857
30.284464
30.616417
30.870980
31.030468
31.072157
30.967008
30.678258
30.160062
29.356485
28.201393
26.620048
24.533401
21.866036
18.558143
14.580509
9.949412
4.736480
-0.931795
-6.887325
-12.943847
-18.923220
-24.676492
-30.094957
-35.111179
-39.693250
-43.836185
-47.553373
-50.869454
-53.815071
-56.423269
-58.727184
-60.758648
-62.547433
-64.120903
-65.503875
-66.718677
-67.785274
-68.721429
-69.542895
-70.263603
-70.895851
-71.450471
-71.937000
-72.363819
-72.738292
-73.066882
-73.355261
-73.608400
-73.830661
-74.025862
-74.197352
-74.348061
-74.480559
-74.597092
-74.699630
-74.789897
-74.869403
-74.939467
-75.001247
-75.055757
-75.103882
-75.146399
-75.183988
-75.217246
-75.246694
-75.272788
-75.295931
-75.316473
-75.334723
-75.350950
-75.365392
-75.378258
-75.389729
-75.399966
-75.409112
-75.417289
-75.424608
-75.431164
-75.437043
-75.442319
-75.447059
-75.451320
-75.455155
-75.458608
-75.461720
-75.464528
-75.467063
-75.469352
-75.471422
-75.473294
-75.474988
-75.476523
-75.477913
-75.479174
-75.480317
-75.481354
-75.482296
-75.483151
-75.483927
-75.484633
-75.485274
-75.485856
-75.486386
-75.486868
-75.487305
-75.487704
-75.488066
-75.488395
-75.488694
-75.488966
-75.489214
-75.489439
-75.489644
-75.489829
-75.489998
-75.490152
-75.490291
-75.490418
-75.490533
-75.490637
-75.490732
-75.490818
-75.490896
-75.490967
-75.491031
-75.491089
-75.491141
-75.491189
-75.491232
-75.491271
-75.491306
-75.491338
-75.491367
-75.491393
-75.491416
-75.491438
-75.491457
-75.491474
-75.491489
-75.491503
-75.491516
-75.491527
-75.491537
-75.491546
-75.491554
-75.491561
-75.491567
-75.491572
-75.491577
-75.491581
-75.491585
-75.491588
-75.491591
-75.491593
-75.491595
-75.491596
-75.491597
-75.491597
-75.491597
