method=CN
t_out=3.000000
time_step=0.010000
-28.360085
-28.332370
-28.149760
-27.832011
-27.399131
-26.870252
-26.262677
-25.591341
-24.868717
-24.105018
-23.308510
-22.485822
-21.642222
-20.781874
-19.908049
-19.023320
-18.129740
-17.228965
-16.322307
-15.410813
-14.495330
-13.576552
-12.655064
-11.731360
-10.805877
-9.879002
-8.951095
-8.022476
-7.093438
-6.164300
-5.235381
-4.307000
-3.379475
-2.453124
-1.528263
-0.605210
0.315718
1.234203
2.149928
3.062575
3.971827
4.877364
5.778863
6.676001
7.568451
8.455884
9.337966
10.214359
11.084720
11.948699
12.805940
13.656077
14.498734
15.333523
16.160039
16.977861
17.786547
18.585628
19.374605
20.152942
20.920057
21.675316
22.418016
23.147373
23.862505
24.562399
25.245890
25.911614
26.557953
27.182978
27.784340
28.359161
28.903863
29.413962
29.883785
30.306081
30.671542
30.968176
31.180387
31.288107
31.265369
31.078964
30.686856
30.036805
29.065656
27.699875
25.858583
23.460001
20.432303
16.728305
12.341768
7.320473
1.770625
-4.151494
-10.259724
-16.364723
-22.298724
-27.931787
-33.177255
-37.988426
-42.350369
-46.270670
-49.771220
-52.881920
-55.636305
-58.068669
-60.212335
-62.098671
-63.756619
-65.212490
-66.489991
-67.610334
-68.592401
-69.452941
-70.206762
-70.866933
-71.444968
-71.951000
-72.393933
-72.781592
-73.120837
-73.417689
-73.677426
-73.904674
-74.103485
-74.277410
-74.429559
-74.562652
-74.679074
-74.780910
-74.869987
-74.947901
-75.016051
-75.075658
-75.127793
-75.173392
-75.213274
-75.248155
-75.278663
-75.305345
-75.328681
-75.349090
-75.366940
-75.382551
-75.396204
-75.408144
-75.418587
-75.427720
-75.435707
-75.442692
-75.448801
-75.454144
-75.458816
-75.462902
-75.466476
-75.469601
-75.472334
-75.474724
-75.476814
-75.478641
-75.480240
-75.481637
-75.482860
-75.483929
-75.484863
-75.485680
-75.486395
-75.487020
-75.487566
-75.488044
-75.488461
-75.488826
-75.489146
-75.489424
-75.489668
-75.489881
-75.490068
-75.490230
-75.490372
-75.490497
-75.490605
-75.490699
-75.490782
-75.490854
-75.490916
-75.490970
-75.491017
-75.491058
-75.491093
-75.491124
-75.491150
-75.491171
-75.491190
-75.491205
-75.491217
-75.491227
-75.491234
-75.491238
-75.491241
-75.491241
