method=CN
t_out=3.000000
time_step=0.050000
-37.418967
-37.352422
-37.231033
-37.046525
-36.796783
-36.489999
-36.136440
-35.735548
-35.283378
-34.780868
-34.231883
-33.638117
-33.001784
-32.326663
-31.616923
-30.876671
-30.109796
-29.319890
-28.510092
-27.683154
-26.841400
-25.986840
-25.121127
-24.245699
-23.361824
-22.470518
-21.572684
-20.669142
-19.760578
-18.847578
-17.930627
-17.010160
-16.086666
-15.160532
-14.232038
-13.301587
-12.369488
-11.435947
-10.501406
-9.566101
-8.630298
-7.694186
-6.758107
-5.822351
-4.887210
-3.952982
-3.019947
-2.088412
-1.158674
-0.231029
0.694220
1.616779
2.536324
3.452544
4.365142
5.273796
6.178186
7.077992
7.972884
8.862532
9.746600
10.624745
11.496622
12.361870
13.220129
14.071020
14.914158
15.749138
16.575543
17.392931
18.200836
18.998762
19.786174
20.562510
21.327131
22.079354
22.818410
23.543445
24.253483
24.947406
25.623922
26.281529
26.918434
27.532494
28.121139
28.681230
29.208894
29.699241
30.146286
30.542310
30.877496
31.139113
31.310664
31.370599
31.290614
31.033702
30.551344
29.781910
28.648506
27.060385
24.918680
22.129233
18.622717
14.376905
9.433736
3.900758
-2.062794
-8.267930
-14.517632
-20.627323
-26.445488
-31.867446
-36.835969
-41.332961
-45.367488
-48.964808
-52.158382
-54.984785
-57.480617
-59.680822
-61.617950
-63.321802
-64.819304
-66.134637
-67.289386
-68.302746
-69.191733
-69.971397
-70.655026
-71.254334
-71.779635
-72.240004
-72.643420
-72.996895
-73.306581
-73.577884
-73.815545
-74.023724
-74.206065
-74.365772
-74.505648
-74.628149
-74.735428
-74.829377
-74.911652
-74.983694
-75.046778
-75.102018
-75.150387
-75.192737
-75.229815
-75.262282
-75.290707
-75.315591
-75.337380
-75.356456
-75.373152
-75.387763
-75.400558
-75.411761
-75.421566
-75.430143
-75.437652
-75.444230
-75.449983
-75.455011
-75.459417
-75.463273
-75.466648
-75.469601
-75.472185
-75.474446
-75.476424
-75.478155
-75.479668
-75.480992
-75.482150
-75.483162
-75.484046
-75.484819
-75.485494
-75.486083
-75.486597
-75.487045
-75.487435
-75.487775
-75.488069
-75.488324
-75.488544
-75.488733
-75.488895
-75.489032
-75.489147
-75.489242
-75.489318
-75.489378
-75.489422
-75.489451
-75.489465
-75.489465
