-75.005751
-75.010893
-75.015239
-75.018627
-75.020920
-75.022002
-75.021778
-75.020168
-75.017110
-75.012554
-75.006462
-74.998808
-74.989574
-74.978751
-74.966338
-74.952339
-74.936765
-74.919628
-74.900949
-74.880750
-74.859054
-74.835888
-74.811282
-74.785264
-74.757867
-74.729121
-74.699058
-74.667710
-74.635109
-74.601286
-74.566271
-74.530095
-74.492785
-74.454369
-74.414875
-74.374326
-74.332745
-74.290156
-74.246577
-74.202028
-74.156525
-74.110081
-74.062710
-74.014423
-73.965227
-73.915129
-73.864132
-73.812238
-73.759446
-73.705754
-73.651411
-73.596633
-73.541599
-73.486460
-73.431342
-73.376346
-73.321552
-73.267023
-73.212807
-73.158937
-73.105433
-73.052308
-72.999561
-72.947188
-72.895174
-72.843502
-72.792148
-72.741083
-72.690276
-72.639693
-72.589298
-72.539049
-72.488908
-72.438832
-72.388776
-72.338696
-72.288547
-72.238281
-72.187852
-72.137211
-72.086310
-72.035098
-71.983526
-71.931543
-71.879096
-71.826132
-71.772597
-71.718436
-71.663592
-71.608008
-71.551622
-71.494374
-71.436200
-71.377033
-71.316805
-71.255444
-71.192877
-71.129025
-71.063807
-70.997137
-70.928927
-70.859080
-70.787499
-70.714076
-70.638702
-70.561257
-70.481618
-70.399651
-70.315215
-70.228160
-70.138327
-70.045544
-69.949632
-69.850396
-69.747631
-69.641118
-69.530621
-69.415892
-69.296665
-69.172658
-69.043570
-68.909085
-68.768865
-68.622554
-68.469778
-68.310144
-68.143239
-67.968635
-67.785886
-67.594532
-67.394099
-67.184103
-66.964051
-66.733439
-66.491761
-66.238501
-65.973139
-65.695144
-65.403975
-65.099074
-64.779861
-64.445723
-64.096010
-63.730021
-63.346999
-62.946118
-62.526476
-62.087090
-61.626889
-61.144717
-60.639335
-60.109428
-59.553622
-58.970504
-58.358649
-57.716655
-57.043188
-56.337026
-55.597117
-54.822626
-54.012985
-53.167932
-52.287529
-51.372161
-50.422502
-49.439450
-48.424030
-47.377270
-46.300057
-45.192986
-44.056211
-42.889322
-41.691237
-40.460134
-39.193422
-37.887742
-36.538996
-35.142416
-33.692648
-32.183859
-30.609877
-28.964345
-27.240913
-25.433467
-23.536404
-21.544953
-19.455559
-17.266324
-14.977501
-12.592026
-10.116048
-7.559438
-4.936176
-2.264576
0.432770
3.129382
5.795696
8.400271
10.911373
13.298786
15.535678
17.600293
19.477222
21.158114
22.641707
23.933228
25.043288
25.986466
26.779795
27.441348
27.989066
28.439882
28.809165
29.110446
29.355348
29.553678
29.713606
29.841878
29.944040
30.024645
30.087427
30.135455
30.171241
30.196827
30.213852
30.223588
30.226968
30.224603
30.216798
30.203558
30.184609
30.159430
30.127289
30.087302
30.038502
29.979916
29.910645
29.829940
29.737257
29.632297
29.515024
29.385648
29.244601
29.092488
28.930039
28.758054
28.577357
28.388758
28.193027
27.990872
27.782933
27.569776
27.351897
27.129729
26.903642
26.673961
26.440960
26.204881
25.965930
25.724287
25.480106
25.233519
24.984639
24.733559
24.480353
24.225078
23.967774
23.708466
23.447164
23.183864
22.918557
22.651224
22.381847
22.110408
21.836895
21.561301
21.283633
21.003906
20.722147
20.438390
20.152681
19.865071
19.575614
19.284368
18.991393
18.696746
18.400483
18.102660
17.803327
17.502533
17.200324
16.896741
16.591826
16.285614
15.978141
15.669441
15.359543
15.048476
14.736270
14.422949
14.108537
13.793059
13.476536
13.158988
12.840436
12.520896
12.200387
11.878925
11.556525
11.233204
10.908976
10.583857
10.257863
9.931008
9.603309
9.274782
8.945445
8.615315
8.284410
7.952748
7.620346
7.287224
6.953400
6.618893
6.283720
5.947901
5.611454
5.274396
4.936745
4.598520
4.259738
3.920416
3.580572
3.240222
2.899384
2.558074
2.216309
1.874105
1.531478
1.188446
0.845022
0.501225
0.157068
-0.187432
-0.532260
-0.877400
-1.222837
-1.568556
-1.914542
-2.260779
-2.607253
-2.953949
-3.300851
-3.647946
-3.995217
-4.342650
-4.690230
-5.037942
-5.385772
-5.733706
-6.081727
-6.429823
-6.777977
-7.126177
-7.474407
-7.822654
-8.170903
-8.519140
-8.867352
-9.215523
-9.563641
-9.911692
-10.259663
-10.607539
-10.955307
-11.302954
-11.650467
-11.997833
-12.345038
-12.692071
-13.038917
-13.385565
-13.732002
-14.078216
-14.424193
-14.769923
-15.115392
-15.460590
-15.805503
-16.150122
-16.494433
-16.838427
-17.182090
-17.525414
-17.868386
-18.210996
-18.553234
-18.895089
-19.236551
-19.577611
-19.918258
-20.258483
-20.598276
-20.937630
-21.276535
-21.614982
-21.952964
-22.290472
-22.627499
-22.964038
-23.300080
-23.635621
-23.970652
-24.305169
-24.639166
-24.972637
-25.305578
-25.637984
-25.969851
-26.301175
-26.631954
-26.962186
-27.291867
-27.620996
-27.949573
-28.277597
-28.605068
-28.931988
-29.258356
-29.584176
-29.909450
-30.234182
-30.558375
-30.882036
-31.205169
-31.527780
-31.849878
-32.171471
-32.492567
-32.813176
-33.133309
-33.452979
-33.772197
-34.090978
-34.409336
-34.727287
-35.044848
-35.362037
-35.678873
-35.995377
-36.311569
-36.627472
-36.943110
-37.258508
-37.573692
-37.888689
-38.203529
-38.518241
-38.832856
-39.147407
-39.461928
-39.776454
-40.091021
-40.405668
-40.720434
-41.035358
-41.350483
-41.665852
-41.981509
-42.297500
-42.613872
-42.930673
-43.247952
-43.565759
-43.884147
-44.203168
-44.522876
-44.843325
-45.164571
-45.486671
-45.809681
-46.133660
-46.458666
-46.784758
-47.111995
-47.440436
-47.770142
-48.101172
-48.433585
-48.767441
-49.102798
-49.439714
-49.778245
-50.118448
-50.460377
-50.804085
-51.149623
-51.497039
-51.846381
-52.197692
