-75.006008
-75.011888
-75.017645
-75.023283
-75.028808
-75.034223
-75.039532
-75.044739
-75.049849
-75.054863
-75.059787
-75.064623
-75.069375
-75.074045
-75.078636
-75.083152
-75.087595
-75.091967
-75.096271
-75.100510
-75.104685
-75.108799
-75.112854
-75.116851
-75.120793
-75.124682
-75.128519
-75.132305
-75.136043
-75.139734
-75.143379
-75.146979
-75.150536
-75.154052
-75.157526
-75.160961
-75.164357
-75.167716
-75.171037
-75.174323
-75.177574
-75.180791
-75.183974
-75.187124
-75.190242
-75.193329
-75.196385
-75.199410
-75.202405
-75.205371
-75.208308
-75.211217
-75.214097
-75.216949
-75.219774
-75.222571
-75.225342
-75.228086
-75.230803
-75.233494
-75.236159
-75.238797
-75.241410
-75.243997
-75.246559
-75.249094
-75.251604
-75.254089
-75.256548
-75.258982
-75.261389
-75.263772
-75.266129
-75.268460
-75.270765
-75.273045
-75.275298
-75.277526
-75.279728
-75.281903
-75.284053
-75.286175
-75.288272
-75.290341
-75.292384
-75.294399
-75.296388
-75.298349
-75.300283
-75.302189
-75.304067
-75.305917
-75.307739
-75.309533
-75.311298
-75.313034
-75.314742
-75.316420
-75.318069
-75.319688
-75.321278
-75.322838
-75.324368
-75.325867
-75.327336
-75.328774
-75.330181
-75.331557
-75.332902
-75.334215
-75.335496
-75.336745
-75.337962
-75.339147
-75.340299
-75.341418
-75.342504
-75.343557
-75.344576
-75.345562
-75.346513
-75.347430
-75.348313
-75.349161
-75.349974
-75.350751
-75.351494
-75.352200
-75.352870
-75.353504
-75.354101
-75.354661
-75.355184
-75.355670
-75.356117
-75.356526
-75.356896
-75.357228
-75.357520
-75.357772
-75.357983
-75.358154
-75.358284
-75.358372
-75.358418
-75.358420
-75.358380
-75.358296
-75.358167
-75.357992
-75.357772
-75.357505
-75.357191
-75.356829
-75.356417
-75.355955
-75.355443
-75.354878
-75.354260
-75.353589
-75.352862
-75.352078
-75.351237
-75.350337
-75.349376
-75.348353
-75.347267
-75.346115
-75.344896
-75.343608
-75.342249
-75.340817
-75.339310
-75.337726
-75.336062
-75.334316
-75.332485
-75.330567
-75.328558
-75.326456
-75.324258
-75.321959
-75.319558
-75.317050
-75.314431
-75.311698
-75.308847
-75.305873
-75.302772
-75.299539
-75.296170
-75.292659
-75.289001
-75.285191
-75.281222
-75.277090
-75.272787
-75.268307
-75.263642
-75.258787
-75.253732
-75.248471
-75.242995
-75.237296
-75.231364
-75.225191
-75.218766
-75.212080
-75.205121
-75.197880
-75.190346
-75.182505
-75.174347
-75.165859
-75.157028
-75.147840
-75.138282
-75.128338
-75.117996
-75.107237
-75.096047
-75.084408
-75.072304
-75.059714
-75.046621
-75.033004
-75.018842
-75.004113
-74.988794
-74.972861
-74.956287
-74.939048
-74.921115
-74.902459
-74.883049
-74.862856
-74.841846
-74.819985
-74.797239
-74.773572
-74.748947
-74.723326
-74.696671
-74.668940
-74.640094
-74.610090
-74.578885
-74.546433
-74.512689
-74.477605
-74.441131
-74.403215
-74.363802
-74.322836
-74.280257
-74.236002
-74.190004
-74.142192
-74.092492
-74.040824
-73.987103
-73.931243
-73.873148
-73.812720
-73.749856
-73.684448
-73.616385
-73.545549
-73.471822
-73.395084
-73.315210
-73.232076
-73.145556
-73.055523
-72.961852
-72.864414
-72.763083
-72.657728
-72.548217
-72.434416
-72.316183
-72.193373
-72.065829
-71.933388
-71.795871
-71.653087
-71.504829
-71.350871
-71.190968
-71.024853
-70.852235
-70.672801
-70.486213
-70.292107
-70.090095
-69.879769
-69.660699
-69.432439
-69.194531
-68.946509
-68.687909
-68.418270
-68.137145
-67.844104
-67.538739
-67.220666
-66.889528
-66.544987
-66.186719
-65.814408
-65.427729
-65.026335
-64.609843
-64.177814
-63.729739
-63.265020
-62.782955
-62.282726
-61.763384
-61.223839
-60.662849
-60.079021
-59.470798
-58.836464
-58.174150
-57.481834
-56.757366
-55.998479
-55.202820
-54.367989
-53.491575
-52.571208
-51.604613
-50.589660
-49.524414
-48.407166
-47.236450
-46.011026
-44.729832
-43.391891
-41.996191
-40.541520
-39.026300
-37.448404
-35.805002
-34.092441
-32.306178
-30.440793
-28.490077
-26.447215
-24.305076
-22.056606
-19.695345
-17.216075
-14.615593
-11.893598
-9.053685
-6.104362
-3.060008
0.058350
3.222636
6.397864
9.543017
12.612746
15.559902
18.338718
20.908272
23.235777
25.299132
27.088332
28.605486
29.863497
30.883722
31.693073
32.321070
32.797269
33.149319
33.401728
33.575291
33.687023
33.750440
33.776030
33.771777
33.743688
33.696244
33.632782
33.555793
33.467151
33.368283
33.260293
33.144048
33.020246
32.889457
32.752157
32.608747
32.459576
32.304945
32.145123
31.980348
31.810836
31.636780
31.458360
31.275738
31.089066
30.898484
30.704121
30.506101
30.304537
30.099536
29.891200
29.679623
29.464898
29.247108
29.026336
28.802660
28.576152
28.346884
28.114922
27.880332
27.643174
27.403507
27.161388
26.916872
26.670010
26.420852
26.169447
25.915841
25.660078
25.402202
25.142255
24.880276
24.616304
24.350376
24.082530
23.812799
23.541219
23.267821
22.992638
22.715702
22.437041
22.156686
21.874665
21.591006
21.305736
21.018881
20.730467
20.440519
20.149063
19.856121
19.561718
19.265877
18.968620
18.669969
18.369947
18.068575
17.765873
17.461863
17.156565
16.849999
16.542185
16.233142
15.922890
15.611448
15.298835
14.985068
14.670168
14.354152
14.037038
13.718844
13.399587
13.079287
12.757959
12.435621
12.112292
11.787987
11.462724
11.136520
10.809391
10.481356
10.152429
9.822628
9.491970
9.160471
8.828147
8.495014
8.161090
7.826391
7.490932
7.154730
6.817800
6.480160
6.141825
5.802812
5.463135
5.122812
4.781857
4.440287
4.098118
3.755366
3.412046
