-75.641781
-75.617222
-75.594315
-75.572951
-75.553028
-75.534448
-75.517121
-75.500963
-75.485892
-75.471835
-75.458719
-75.446479
-75.435051
-75.424377
-75.414400
-75.405067
-75.396330
-75.388140
-75.380453
-75.373226
-75.366420
-75.359996
-75.353917
-75.348150
-75.342660
-75.337417
-75.332389
-75.327549
-75.322868
-75.318319
-75.313876
-75.309515
-75.305212
-75.300942
-75.296683
-75.292412
-75.288109
-75.283751
-75.279317
-75.274787
-75.270140
-75.265356
-75.260414
-75.255295
-75.249977
-75.244440
-75.238664
-75.232628
-75.226310
-75.219689
-75.250333
-75.278438
-75.304160
-75.327653
-75.349057
-75.368508
-75.386132
-75.402046
-75.416363
-75.429185
-75.440609
-75.450724
-75.459614
-75.467355
-75.474017
-75.479667
-75.484363
-75.488160
-75.491108
-75.493252
-75.494632
-75.495285
-75.495244
-75.494538
-75.493192
-75.491227
-75.488663
-75.485517
-75.481799
-75.477522
-75.472692
-75.467315
-75.461393
-75.454927
-75.447913
-75.440349
-75.432227
-75.423539
-75.414273
-75.404417
-75.393956
-75.382871
-75.371143
-75.358750
-75.345669
-75.331871
-75.317328
-75.302009
-75.285879
-75.268901
-75.251036
-75.232240
-75.212469
-75.191673
-75.169801
-75.146797
-75.122604
-75.097157
-75.070394
-75.042243
-75.012632
-74.981486
-74.948726
-74.914268
-74.878029
-74.839921
-74.799855
-74.757743
-74.713496
-74.667027
-74.618253
-74.567098
-74.513492
-74.457381
-74.398724
-74.337504
-74.273727
-74.207437
-74.138717
-74.067702
-73.994588
-73.919641
-73.843214
-73.765756
-73.687824
-73.610096
-73.533381
-73.458626
-73.386918
-73.319482
-73.257675
-73.202962
-73.156898
-73.121092
-73.097163
-73.086699
-73.091200
-73.112026
-73.150351
-73.207110
-73.282965
-73.378273
-73.493070
-73.627061
-73.779627
-73.949839
-74.136481
-74.338083
-74.552957
-74.779244
-75.014955
-75.258024
-75.506357
-75.757876
-76.010569
-76.262524
-76.511971
-76.757299
-76.997080
-77.230074
-77.455227
-77.671660
-77.878649
-78.075603
-78.262028
-78.437500
-78.601625
-78.754010
-78.894235
-79.021826
-79.136243
-79.236873
-79.323033
-79.393984
-79.448958
-79.487190
-79.507955
-79.510617
-79.494662
-79.459731
-79.405648
-79.332423
-79.240248
-79.129473
-79.000577
-78.854123
-78.690719
-78.510973
-78.315457
-78.104685
-77.879098
-77.639062
-77.384880
-77.116810
-76.835099
-76.540014
-76.231885
-75.911149
-75.578389
-75.234379
-74.880119
-74.516863
-74.146145
-73.769787
-73.389896
-73.008847
-72.629252
-72.253908
-71.885738
-71.527716
-71.182787
-70.853786
-70.543363
-70.253912
-69.987525
-69.745948
-69.530576
-69.342449
-69.182272
-69.050448
-68.947115
-68.872188
-68.825395
-68.806312
-68.814389
-68.848965
-68.909270
-68.994430
-69.103453
-69.235217
-69.388457
-69.561749
-69.753505
-69.961968
-70.185221
-70.421206
-70.667750
-70.922607
-71.183499
-71.448177
-71.714471
-71.980348
-72.243958
-72.503683
-72.758162
-73.006308
-73.247314
-73.480639
-73.705981
-73.923237
-74.132450
-74.333748
-74.527273
-74.713104
-74.891179
-75.061207
-75.222589
-75.374337
-75.515001
-75.642607
-75.754603
-75.847840
-75.918557
-75.962415
-75.974552
-75.949669
-75.882157
-75.766233
-75.596104
-75.366123
-75.070931
-74.705586
-74.265637
-73.747178
-73.146839
-72.461762
-71.689541
-70.828149
-69.875876
-68.831271
-67.693110
-66.460391
-65.132357
-63.708541
-62.188834
-60.573560
-58.863563
-57.060281
-55.165806
-53.182925
-51.115128
-48.966572
-46.742007
-44.446651
-42.086017
-39.665696
-37.191102
-34.667204
-32.098251
-29.487531
-26.837190
-24.148148
-21.420146
-18.651959
-15.841802
-12.987928
-10.089427
-7.147190
-4.164971
-1.150472
1.883701
4.919349
7.932449
10.893545
13.768861
16.522177
19.117338
21.521132
23.706145
25.653155
27.352642
28.805184
30.020703
31.016746
31.816177
32.444695
32.928559
33.292778
33.559895
33.749330
33.877203
33.956498
33.997414
34.007817
33.993690
33.959545
33.908777
33.843946
33.766993
33.679406
33.582344
33.476723
33.363282
33.242623
33.115252
32.981595
32.842019
32.696844
32.546353
32.390795
32.230397
32.065361
31.895874
31.722105
31.544210
31.362335
31.176614
30.987171
30.794125
30.597584
30.397654
30.194430
29.988006
29.778468
29.565899
29.350378
29.131981
28.910777
28.686835
28.460221
28.230995
27.999218
27.764947
27.528236
27.289137
27.047701
26.803977
26.558010
26.309845
26.059526
25.807094
25.552589
25.296051
25.037515
24.777019
24.514597
24.250283
23.984110
23.716110
23.446313
23.174749
22.901448
22.626438
22.349746
22.071398
21.791422
21.509842
21.226684
20.941971
20.655728
20.367977
20.078741
19.788043
19.495905
19.202347
18.907391
18.611058
18.313369
18.014342
17.713998
17.412357
17.109438
16.805259
16.499840
16.193199
15.885355
15.576326
15.266130
14.954784
14.642307
14.328717
14.014030
13.698264
13.381436
13.063565
12.744666
12.424757
12.103854
11.781976
11.459137
11.135357
10.810650
10.485033
10.158525
9.831140
9.502895
9.173808
8.843894
8.513170
8.181653
7.849359
7.516303
7.182504
6.847976
6.512736
6.176802
5.840187
5.502910
5.164986
4.826432
4.487263
4.147496
3.807146
3.466230
3.124764
2.782763
2.440244
2.097222
1.753714
1.409734
1.065299
0.720424
0.375125
0.029417
-0.316684
-0.663163
-1.010005
-1.357195
-1.704717
-2.052557
-2.400700
-2.749131
-3.097836
-3.446800
-3.796008
-4.145447
-4.495102
-4.844960
-5.195007
-5.545229
-5.895613
-6.246145
-6.596813
-6.947604
-7.298506
-7.649505
-8.000591
-8.351751
-8.702973
-9.054248
