-74.275557
-74.346958
-74.411221
-74.468729
-74.519844
-74.564913
-74.604262
-74.638203
-74.667032
-74.691029
-74.710462
-74.725582
-74.736632
-74.743837
-74.747414
-74.747569
-74.744496
-74.738379
-74.729394
-74.717707
-74.703474
-74.686845
-74.667961
-74.646957
-74.623959
-74.599087
-74.572456
-74.544172
-74.514337
-74.483049
-74.450398
-74.416470
-74.381346
-74.345103
-74.307813
-74.269544
-74.230361
-74.190323
-74.149487
-74.107907
-74.065632
-74.022709
-73.979182
-73.935091
-73.890475
-73.845369
-73.799806
-73.753817
-73.707430
-73.660672
-73.532382
-73.411617
-73.297864
-73.190640
-73.089484
-72.993962
-72.903663
-72.818201
-72.737212
-72.660353
-72.587303
-72.517760
-72.451443
-72.388087
-72.327447
-72.269290
-72.213404
-72.159587
-72.107654
-72.057430
-72.008754
-71.961476
-71.915456
-71.870565
-71.826682
-71.783694
-71.741499
-71.699998
-71.659102
-71.618728
-71.578798
-71.539238
-71.499981
-71.460965
-71.422129
-71.383420
-71.344783
-71.306172
-71.267540
-71.228842
-71.190038
-71.151088
-71.111955
-71.072601
-71.032991
-70.993091
-70.952867
-70.912285
-70.871311
-70.829912
-70.788053
-70.745697
-70.702809
-70.659349
-70.615276
-70.570546
-70.525109
-70.478914
-70.431902
-70.384009
-70.335160
-70.285275
-70.234259
-70.182004
-70.128388
-70.073268
-70.016479
-69.957831
-69.897098
-69.834022
-69.768296
-69.699564
-69.627408
-69.551335
-69.470772
-69.385042
-69.293356
-69.194786
-69.088251
-68.972489
-68.846034
-68.707184
-68.553978
-68.384162
-68.195163
-67.984067
-67.747595
-67.482097
-67.183548
-66.847571
-66.469464
-66.044258
-65.566792
-65.031815
-64.434105
-63.768608
-63.030589
-62.215790
-61.320587
-60.342137
-59.278506
-58.128777
-56.893121
-55.572839
-54.170369
-52.689242
-51.134016
-49.510152
-47.823870
-46.081960
-44.291569
-42.459966
-40.594292
-38.701313
-36.787181
-34.857223
-32.915765
-30.966015
-29.009995
-27.048554
-25.081440
-23.107453
-21.124659
-19.130666
-17.122946
-15.099196
-13.057710
-10.997757
-8.919934
-6.826466
-4.721444
-2.610953
-0.503083
1.592194
3.663308
5.697510
7.681419
9.601666
11.445566
13.201788
14.860933
16.415985
17.862590
19.199140
20.426669
21.548591
22.570312
23.498772
24.341956
25.108433
25.806935
26.446009
27.033738
27.577546
28.084061
28.559029
29.007280
29.432713
29.838311
30.226167
30.597522
30.952815
31.291740
31.613325
31.916013
32.197769
32.456197
32.688673
32.892486
33.064978
33.203685
33.306457
33.371553
33.397711
33.384181
33.330724
33.237579
33.105411
32.935240
32.728366
32.486303
32.210719
31.903395
31.566205
31.201111
30.810177
30.395585
29.959669
29.504931
29.034064
28.549952
28.055661
27.554400
27.049479
26.544234
26.041948
25.545765
25.058596
24.583042
24.121323
23.675229
23.246099
22.834817
22.441838
22.067228
21.710725
21.371806
21.049753
20.743728
20.452825
20.176131
19.912759
19.661882
19.422747
19.194685
18.977103
18.769480
18.571350
18.382278
18.201841
18.029605
17.865096
17.707786
17.557073
17.412267
17.272588
17.137169
17.005068
16.875291
16.746818
16.618643
16.489809
16.359450
16.226826
16.091346
15.952591
15.810315
15.664437
15.515022
15.362252
15.206386
15.047719
14.886541
14.723099
14.557553
14.389954
14.220214
14.048092
13.873185
13.694925
13.512583
13.325280
13.132007
12.931640
12.722968
12.504718
12.275585
12.034256
11.779439
11.509885
11.224413
10.921931
10.601454
10.262133
9.903277
9.524394
9.125227
8.705812
8.266536
7.808202
7.332088
6.839998
6.334284
5.817825
5.293962
4.766372
4.238888
3.715282
3.199027
2.693084
2.199729
1.720455
1.255964
0.806225
0.370606
-0.051970
-0.462852
-0.863519
-1.255450
-1.640039
-2.018544
-2.392061
-2.761519
-3.127691
-3.491207
-3.852579
-4.212214
-4.570440
-4.927514
-5.283642
-5.638985
-5.993671
-6.347800
-6.701452
-7.054688
-7.407557
-7.760096
-8.112333
-8.464290
-8.815984
-9.167425
-9.518620
-9.869576
-10.220293
-10.570772
-10.921011
-11.271008
-11.620759
-11.970258
-12.319501
-12.668480
-13.017189
-13.365622
-13.713771
-14.061627
-14.409184
-14.756432
-15.103365
-15.449973
-15.796249
-16.142183
-16.487769
-16.832996
-17.177858
-17.522345
-17.866451
-18.210165
-18.553482
-18.896393
-19.238890
-19.580966
-19.922614
-20.263826
-20.604595
-20.944915
-21.284780
-21.624183
-21.963118
-22.301580
-22.639563
-22.977062
-23.314072
-23.650589
-23.986610
-24.322130
-24.657145
-24.991654
-25.325654
-25.659143
-25.992119
-26.324581
-26.656529
-26.987963
-27.318883
-27.649290
-27.979187
-28.308575
-28.637457
-28.965836
-29.293717
-29.621105
-29.948005
-30.274423
-30.600367
-30.925843
-31.250861
-31.575429
-31.899558
-32.223258
-32.546541
-32.869420
-33.191909
-33.514020
-33.835770
-34.157175
-34.478252
-34.799019
-35.119494
-35.439698
-35.759652
-36.079378
-36.398898
-36.718237
-37.037420
-37.356472
-37.675421
-37.994295
-38.313123
-38.631935
-38.950762
-39.269637
-39.588593
-39.907664
-40.226885
-40.546292
-40.865923
-41.185816
-41.506010
-41.826544
-42.147459
-42.468796
-42.790599
-43.112909
-43.435770
-43.759227
-44.083323
-44.408104
-44.733616
-45.059903
-45.387012
-45.714988
-46.043877
-46.373726
-46.704578
-47.036480
-47.369476
-47.703609
-48.038922
-48.375456
-48.713254
-49.052352
-49.392790
-49.734602
-50.077824
-50.422485
-50.768616
-51.116242
-51.465388
-51.816073
-52.168315
-52.522127
-52.877518
-53.234494
-53.593057
-53.953201
-54.314919
-54.678198
-55.043017
-55.409354
-55.777178
