t_end=3.000000
time_step=0.025000
-22.192472
-22.192472
-21.953427
-21.582422
-21.102720
-20.534027
-19.892752
-19.192419
-18.444136
-17.656997
-16.838440
-15.994532
-15.130214
-14.249495
-13.355620
-12.451206
-11.538383
-10.618870
-9.694079
-8.765187
-7.833195
-6.898929
-5.963107
-5.026346
-4.089196
-3.152170
-2.215745
-1.280367
-0.346463
0.585559
1.515302
2.442379
3.366411
4.287022
5.203839
6.116492
7.024609
7.927818
8.825745
9.718013
10.604238
11.484031
12.356992
13.222713
14.080770
14.930725
15.772118
16.604465
17.427253
18.239934
19.041916
19.832552
20.611133
21.376871
22.128881
22.866161
23.587560
24.291751
24.977178
25.642009
26.284060
26.900711
27.488782
28.044395
28.562783
29.038049
29.462860
29.828064
30.122200
30.330892
30.436110
30.415292
30.240328
29.876480
29.281336
28.404033
27.185194
25.558149
23.452351
20.799983
17.546464
13.664491
9.169016
4.128018
-1.337245
-7.065812
-12.881282
-18.618031
-24.140570
-29.352038
-34.193275
-38.636471
-42.677079
-46.326287
-49.604985
-52.539359
-55.157878
-57.489338
-59.561669
-61.401241
-63.032515
-64.477901
-65.757750
-66.890430
-67.892442
-68.778553
-69.561946
-70.254366
-70.866257
-71.406897
-71.884515
-72.306410
-72.679046
-73.008147
-73.298778
-73.555422
-73.782041
-73.982140
-74.158815
-74.314805
-74.452528
-74.574120
-74.681470
-74.776244
-74.859915
-74.933783
-74.998998
-75.056572
-75.107401
-75.152275
-75.191893
-75.226871
-75.257752
-75.285017
-75.309088
-75.330342
-75.349107
-75.365677
-75.380307
-75.393226
-75.404634
-75.414707
-75.423603
-75.431458
-75.438396
-75.444522
-75.449933
-75.454712
-75.458932
-75.462660
-75.465953
-75.468861
-75.471430
-75.473699
-75.475704
-75.477475
-75.479039
-75.480422
-75.481643
-75.482722
-75.483675
-75.484518
-75.485262
-75.485920
-75.486501
-75.487015
-75.487468
-75.487870
-75.488224
-75.488537
-75.488814
-75.489059
-75.489275
-75.489466
-75.489635
-75.489784
-75.489916
-75.490032
-75.490135
-75.490226
-75.490306
-75.490376
-75.490439
-75.490493
-75.490542
-75.490584
-75.490621
-75.490653
-75.490681
-75.490706
-75.490727
-75.490745
-75.490760
-75.490773
-75.490783
-75.490791
-75.490797
-75.490801
-75.490802
-75.490802
