t_end=3.000000
time_step=0.005000
-1.047459
-1.047459
-0.890444
-0.612473
-0.231134
0.238269
0.782463
1.389904
2.050503
2.755420
3.496919
4.268234
5.063469
5.877498
6.705887
7.544820
8.391037
9.241783
10.094791
10.948229
11.800436
12.649979
13.495622
14.336290
15.171035
15.999006
16.819421
17.631548
18.434681
19.228126
20.011184
20.783133
21.543215
22.290614
23.024439
23.743699
24.447277
25.133885
25.802030
26.449945
27.075520
27.676194
28.248832
28.789547
29.293475
29.754480
30.164762
30.514355
30.790475
30.976691
31.051930
30.989261
30.754541
30.305052
29.588344
28.541794
27.093546
25.165780
22.681350
19.574450
15.804891
11.373600
6.334796
0.799234
-5.075303
-11.105247
-17.107905
-22.924865
-28.436036
-33.563113
-38.265185
-42.530547
-46.367955
-49.799105
-52.852923
-55.561589
-57.957938
-60.073869
-61.939441
-63.582424
-65.028117
-66.299352
-67.416601
-68.398120
-69.260133
-70.017013
-70.681468
-71.264714
-71.776639
-72.225949
-72.620302
-72.966430
-73.270248
-73.536951
-73.771097
-73.976688
-74.157234
-74.315816
-74.455133
-74.577554
-74.685154
-74.779753
-74.862947
-74.936133
-75.000539
-75.057237
-75.107170
-75.151163
-75.189940
-75.224134
-75.254303
-75.280932
-75.304451
-75.325234
-75.343609
-75.359865
-75.374256
-75.387003
-75.398301
-75.408323
-75.417217
-75.425117
-75.432138
-75.438383
-75.443942
-75.448892
-75.453305
-75.457242
-75.460755
-75.463894
-75.466700
-75.469209
-75.471456
-75.473469
-75.475273
-75.476891
-75.478343
-75.479647
-75.480819
-75.481872
-75.482820
-75.483673
-75.484441
-75.485133
-75.485756
-75.486319
-75.486826
-75.487283
-75.487696
-75.488069
-75.488405
-75.488709
-75.488984
-75.489232
-75.489456
-75.489659
-75.489842
-75.490008
-75.490157
-75.490292
-75.490415
-75.490525
-75.490625
-75.490715
-75.490797
-75.490870
-75.490937
-75.490997
-75.491051
-75.491100
-75.491144
-75.491184
-75.491220
-75.491253
-75.491282
-75.491308
-75.491332
-75.491353
-75.491372
-75.491390
-75.491405
-75.491419
-75.491431
-75.491442
-75.491452
-75.491461
-75.491469
-75.491476
-75.491482
-75.491487
-75.491492
-75.491496
-75.491499
-75.491502
-75.491505
-75.491507
-75.491508
-75.491509
-75.491509
-75.491509
