method=CN
t_out=3.000000
time_step=0.025000
-35.716543
-35.681001
-35.559341
-35.360054
-35.087433
-34.746375
-34.340892
-33.874684
-33.351569
-32.775771
-32.152037
-31.485518
-30.781451
-30.044838
-29.280259
-28.491743
-27.682774
-26.856310
-26.014849
-25.160489
-24.294991
-23.419843
-22.536324
-21.645553
-20.748450
-19.845818
-18.938339
-18.026609
-17.111168
-16.192461
-15.270937
-14.346957
-13.420876
-12.493049
-11.563780
-10.633373
-9.702105
-8.770290
-7.838114
-6.905881
-5.973898
-5.042451
-4.111835
-3.182345
-2.254278
-1.327928
-0.403598
0.518415
1.437804
2.354272
3.267503
4.177197
5.083038
5.984713
6.881902
7.774284
8.661534
9.543322
10.419309
11.289156
12.152513
13.009023
13.858319
14.700022
15.533742
16.359070
17.175578
17.982819
18.780312
19.567552
20.343986
21.109017
21.861992
22.602184
23.328785
24.040871
24.737393
25.417132
26.078663
26.720293
27.339996
27.935307
28.503204
29.039937
29.540794
29.999850
30.409466
30.760057
31.038826
31.229681
31.311516
31.257185
31.031724
30.590722
29.878789
28.828677
27.362034
25.393396
22.838221
19.626240
15.718625
11.124896
5.913203
0.209716
-5.815569
-11.970971
-18.069730
-23.951741
-29.497752
-34.632555
-39.320100
-43.554145
-47.348652
-50.729705
-53.729583
-56.382954
-58.724363
-60.786845
-62.601182
-64.195588
-65.595561
-66.824031
-67.901440
-68.845978
-69.673747
-70.398981
-71.034232
-71.590559
-72.077687
-72.504167
-72.877504
-73.204290
-73.490302
-73.740611
-73.959659
-74.151338
-74.319063
-74.465815
-74.594219
-74.706559
-74.804845
-74.890828
-74.966053
-75.031854
-75.089421
-75.139776
-75.183826
-75.222354
-75.256058
-75.285534
-75.311318
-75.333870
-75.353594
-75.370842
-75.385929
-75.399124
-75.410664
-75.420756
-75.429582
-75.437299
-75.444048
-75.449949
-75.455108
-75.459619
-75.463564
-75.467012
-75.470026
-75.472661
-75.474965
-75.476978
-75.478737
-75.480275
-75.481619
-75.482792
-75.483818
-75.484714
-75.485496
-75.486180
-75.486776
-75.487296
-75.487750
-75.488146
-75.488491
-75.488791
-75.489053
-75.489279
-75.489476
-75.489646
-75.489793
-75.489919
-75.490026
-75.490117
-75.490193
-75.490256
-75.490307
-75.490347
-75.490376
-75.490395
-75.490404
-75.490404
